0.000010 0.000010 0.999960 0.000010 0.000010
0.000010 0.205213 0.794757 0.000010 0.000010
0.883246 0.116724 0.000010 0.000010 0.000010
0.000010 0.000010 0.999960 0.000010 0.000010
0.379614 0.068350 0.552016 0.000010 0.000010
0.140500 0.000010 0.647793 0.000010 0.211686
0.000010 0.090815 0.909155 0.000010 0.000010
0.000010 0.000010 0.879111 0.000010 0.120859
0.493609 0.036666 0.391776 0.000010 0.077939
0.999960 0.000010 0.000010 0.000010 0.000010
0.235394 0.000010 0.601687 0.000010 0.162899
0.000010 0.000010 0.999960 0.000010 0.000010
0.000010 0.000010 0.759788 0.000010 0.240182
0.765351 0.000010 0.000010 0.000010 0.234619
0.000010 0.000010 0.777131 0.000010 0.222839
0.510227 0.000010 0.433620 0.056133 0.000010
0.285696 0.000010 0.661612 0.052672 0.000010
0.268514 0.000010 0.661126 0.000010 0.070340
0.000010 0.000010 0.999960 0.000010 0.000010
0.000010 0.000010 0.999960 0.000010 0.000010
0.280964 0.000010 0.719006 0.000010 0.000010
0.569637 0.000010 0.264989 0.165354 0.000010
0.165265 0.000010 0.566376 0.000010 0.268338
0.813347 0.000010 0.042811 0.143822 0.000010
0.235579 0.024844 0.461037 0.000010 0.278530
0.896377 0.000010 0.000010 0.000010 0.103593
0.000010 0.000010 0.608817 0.000010 0.391153
0.489132 0.000010 0.108689 0.000010 0.402158
0.999960 0.000010 0.000010 0.000010 0.000010
0.502706 0.026833 0.364803 0.105647 0.000010
0.745481 0.000010 0.027208 0.000010 0.227291
0.639016 0.000010 0.360954 0.000010 0.000010
0.999953 0.000010 0.000010 0.000017 0.000010
0.054443 0.000010 0.815009 0.056172 0.074366
0.809116 0.000010 0.000010 0.000010 0.190854
0.556982 0.000010 0.279209 0.000010 0.163789
0.585184 0.000010 0.414786 0.000010 0.000010
0.999960 0.000010 0.000010 0.000010 0.000010
0.866590 0.000010 0.000010 0.133380 0.000010
0.000010 0.000010 0.999960 0.000010 0.000010
0.544273 0.124794 0.270896 0.060027 0.000010
0.000010 0.000010 0.999960 0.000010 0.000010
0.999960 0.000010 0.000010 0.000010 0.000010
0.179458 0.147113 0.499635 0.000010 0.173784
0.999960 0.000010 0.000010 0.000010 0.000010
0.241345 0.086161 0.672474 0.000010 0.000010
0.000010 0.000010 0.786725 0.213245 0.000010
0.999960 0.000010 0.000010 0.000010 0.000010
0.000010 0.000010 0.999960 0.000010 0.000010
0.260097 0.000010 0.451360 0.000010 0.288523
0.000010 0.648963 0.000010 0.000010 0.351007
0.135083 0.453217 0.000010 0.276770 0.134920
0.000010 0.000010 0.000010 0.999960 0.000010
0.000010 0.999960 0.000010 0.000010 0.000010
0.081025 0.314433 0.000010 0.604522 0.000010
0.088784 0.473582 0.000010 0.354402 0.083222
0.000010 0.999960 0.000010 0.000010 0.000010
0.155163 0.366335 0.000010 0.000010 0.478482
0.000010 0.322641 0.000010 0.635331 0.042008
0.000010 0.000010 0.000010 0.685667 0.314303
0.000010 0.999960 0.000010 0.000010 0.000010
0.000010 0.519392 0.000010 0.480578 0.000010
0.000010 0.000010 0.000010 0.999960 0.000010
0.000010 0.000010 0.000010 0.736655 0.263315
0.000010 0.000010 0.000010 0.180507 0.819463
0.000010 0.520598 0.000010 0.000010 0.479372
0.149383 0.464625 0.000010 0.000010 0.385972
0.000010 0.520907 0.000010 0.479063 0.000010
0.000010 0.768677 0.047883 0.000010 0.183419
0.000010 0.000010 0.000010 0.999960 0.000010
0.000010 0.999960 0.000010 0.000010 0.000010
0.000010 0.000010 0.006834 0.993136 0.000010
0.000010 0.437976 0.059005 0.000010 0.502999
0.043386 0.000010 0.000010 0.332550 0.624044
0.000010 0.999960 0.000010 0.000010 0.000010
0.000010 0.000010 0.000010 0.203387 0.796583
0.143945 0.753108 0.000010 0.000010 0.102927
0.000010 0.448821 0.129959 0.421200 0.000010
0.000010 0.550121 0.000010 0.000010 0.449849
0.000010 0.443279 0.000010 0.316482 0.240220
0.000010 0.281709 0.147718 0.323449 0.247114
0.000010 0.130906 0.056898 0.589745 0.222440
0.008306 0.075454 0.015598 0.568586 0.332056
0.000010 0.000010 0.000010 0.642153 0.357817
0.000010 0.000010 0.000010 0.000010 0.999960
0.000010 0.000010 0.196272 0.803698 0.000010
0.129887 0.000010 0.000010 0.768517 0.101576
0.000010 0.000010 0.000010 0.000010 0.999960
0.373455 0.000010 0.000010 0.387369 0.239157
0.071947 0.301125 0.000010 0.626908 0.000010
0.000010 0.000010 0.017626 0.770948 0.211406
0.000010 0.174760 0.328324 0.303213 0.193693
0.000010 0.362897 0.000010 0.539099 0.097984
0.000010 0.856494 0.143476 0.000010 0.000010
0.258332 0.142632 0.000010 0.344138 0.254888
0.254986 0.562583 0.000010 0.000010 0.182411
