0.000010 0.000010 0.000010 0.999970
0.257263 0.000010 0.000010 0.742717
0.050172 0.000010 0.135837 0.813981
0.000010 0.000010 0.000010 0.999970
0.050404 0.058367 0.000010 0.891219
0.000010 0.250378 0.000010 0.749602
0.168075 0.000010 0.000010 0.831905
0.000010 0.103319 0.000010 0.896661
0.000010 0.173386 0.020867 0.805737
0.000010 0.000010 0.000010 0.999970
0.000010 0.213177 0.000010 0.786803
0.000010 0.000010 0.000010 0.999970
0.000010 0.314398 0.020283 0.665309
0.000010 0.198006 0.000010 0.801974
0.242191 0.000010 0.000010 0.757789
0.100588 0.000010 0.000010 0.899392
0.075388 0.000010 0.000010 0.924592
0.000010 0.092837 0.000010 0.907143
0.076587 0.000010 0.000010 0.923393
0.000010 0.000010 0.000010 0.999970
0.000010 0.000010 0.000010 0.999970
0.000010 0.000010 0.249337 0.750643
0.000010 0.366910 0.000010 0.633070
0.000010 0.000010 0.209609 0.790371
0.000010 0.279465 0.000010 0.720515
0.000010 0.000010 0.000010 0.999970
0.097844 0.365823 0.000010 0.536323
0.000010 0.449016 0.000010 0.550964
0.000010 0.000010 0.119239 0.880741
0.184851 0.000010 0.000010 0.815129
0.000010 0.321861 0.000010 0.678119
0.104488 0.000010 0.000010 0.895492
0.124906 0.000010 0.000010 0.875074
0.000010 0.083806 0.070663 0.845521
0.000010 0.337745 0.000010 0.662235
0.090777 0.071631 0.000010 0.837582
0.000010 0.000010 0.000010 0.999970
0.030738 0.000010 0.043335 0.925917
0.000010 0.000010 0.180276 0.819704
0.000010 0.000010 0.000010 0.999970
0.000010 0.000010 0.236775 0.763205
0.000010 0.161457 0.000010 0.838523
0.000010 0.085567 0.000010 0.914413
0.000010 0.244271 0.072963 0.682756
0.000010 0.188613 0.000010 0.811367
0.090032 0.008490 0.000010 0.901468
0.043785 0.000010 0.196684 0.759522
0.000010 0.000010 0.011022 0.988958
0.000010 0.061642 0.000010 0.938338
0.000010 0.328610 0.000010 0.671370
0.574220 0.425760 0.000010 0.000010
0.000010 0.289042 0.710938 0.000010
0.286283 0.082106 0.534719 0.096893
0.000010 0.000010 0.999970 0.000010
0.000017 0.000010 0.999963 0.000010
0.000010 0.104520 0.895460 0.000010
0.560720 0.000010 0.439260 0.000010
0.000010 0.696235 0.303745 0.000010
0.999970 0.000010 0.000010 0.000010
0.587795 0.066617 0.203851 0.141737
0.726196 0.000010 0.273784 0.000010
0.999970 0.000010 0.000010 0.000010
0.999970 0.000010 0.000010 0.000010
0.662450 0.164639 0.167462 0.005449
0.000010 0.999970 0.000010 0.000010
0.999970 0.000010 0.000010 0.000010
0.999970 0.000010 0.000010 0.000010
0.000010 0.000010 0.999970 0.000010
0.651296 0.000010 0.348684 0.000010
0.000010 0.000010 0.999970 0.000010
0.400311 0.000010 0.599669 0.000010
0.000010 0.000010 0.933856 0.066124
0.000010 0.999970 0.000010 0.000010
0.222346 0.588556 0.153406 0.035692
0.999970 0.000010 0.000010 0.000010
0.364412 0.635568 0.000010 0.000010
0.000010 0.409751 0.590229 0.000010
0.167391 0.282061 0.423362 0.127186
0.533369 0.466611 0.000010 0.000010
0.160406 0.305291 0.534293 0.000010
0.450845 0.000010 0.458718 0.090428
0.000010 0.416808 0.583172 0.000010
0.310775 0.239743 0.433460 0.016022
0.000010 0.682855 0.317125 0.000010
0.000010 0.999970 0.000010 0.000010
0.019715 0.098746 0.669412 0.212126
0.000010 0.253807 0.746173 0.000010
0.441285 0.558695 0.000010 0.000010
0.000010 0.436201 0.357552 0.206238
0.000010 0.000010 0.999970 0.000010
0.000010 0.396687 0.603293 0.000010
0.217784 0.093039 0.370682 0.318496
0.000010 0.087827 0.912153 0.000010
0.706599 0.000010 0.090117 0.203274
0.410571 0.111120 0.280934 0.197375
0.191337 0.204256 0.462952 0.141456
