0.000010 0.000010 0.000010 0.390301 0.609669
0.790964 0.000010 0.209006 0.000010 0.000010
0.546794 0.087374 0.000010 0.365812 0.000010
0.999960 0.000010 0.000010 0.000010 0.000010
0.999960 0.000010 0.000010 0.000010 0.000010
0.348831 0.000010 0.137291 0.420971 0.092896
0.623510 0.089384 0.000010 0.251216 0.035880
0.364983 0.000010 0.000010 0.128785 0.506212
0.693279 0.000010 0.000010 0.276652 0.030049
0.000010 0.000010 0.000010 0.999960 0.000010
0.000010 0.000010 0.000010 0.999960 0.000010
0.000010 0.000010 0.000010 0.633669 0.366301
0.000010 0.000010 0.000010 0.000010 0.999960
0.000010 0.000010 0.000010 0.295487 0.704483
0.677729 0.000010 0.108826 0.213425 0.000010
0.064255 0.000010 0.000010 0.541242 0.394484
0.345297 0.049246 0.000010 0.000010 0.605438
0.000010 0.000010 0.000010 0.000010 0.999960
0.511740 0.000010 0.000010 0.488230 0.000010
0.308721 0.000010 0.000010 0.691249 0.000010
0.999960 0.000010 0.000010 0.000010 0.000010
0.613935 0.106930 0.000010 0.000010 0.279114
0.029827 0.000010 0.147008 0.663462 0.159694
0.229113 0.148685 0.000010 0.192570 0.429622
0.179571 0.000010 0.159560 0.000010 0.660849
0.000010 0.000010 0.000010 0.999960 0.000010
0.219204 0.000010 0.111715 0.000010 0.669061
0.000010 0.000010 0.000010 0.000010 0.999960
0.537476 0.000010 0.000010 0.000010 0.462494
0.486151 0.000010 0.104158 0.174611 0.235069
0.000010 0.000010 0.000010 0.999960 0.000010
0.000010 0.000010 0.000010 0.999960 0.000010
0.267099 0.128940 0.000010 0.228609 0.375341
0.419997 0.021916 0.000010 0.201506 0.356571
0.000010 0.000010 0.046272 0.543736 0.409972
0.000010 0.000010 0.000010 0.642045 0.357925
0.141403 0.000010 0.000010 0.283433 0.575144
0.000010 0.000010 0.000010 0.000010 0.999960
0.999960 0.000010 0.000010 0.000010 0.000010
0.000010 0.000010 0.000010 0.750456 0.249514
0.479929 0.214713 0.000010 0.081682 0.223667
0.000010 0.000010 0.000010 0.513804 0.486166
0.653715 0.000010 0.000010 0.000010 0.346255
0.185841 0.233815 0.000010 0.056199 0.524135
0.649502 0.000010 0.000010 0.000010 0.350468
0.000010 0.000010 0.000010 0.676060 0.323910
0.544474 0.000010 0.000010 0.455496 0.000010
0.999960 0.000010 0.000010 0.000010 0.000010
0.000010 0.000010 0.000010 0.590321 0.409649
0.000010 0.000010 0.000010 0.435905 0.564065
0.000010 0.000010 0.998780 0.001190 0.000010
0.320930 0.000010 0.679040 0.000010 0.000010
0.010029 0.706785 0.140904 0.000010 0.142272
0.000010 0.591082 0.408888 0.000010 0.000010
0.000010 0.920971 0.000010 0.078999 0.000010
0.153596 0.347098 0.499286 0.000010 0.000010
0.000010 0.780672 0.219298 0.000010 0.000010
0.028771 0.000010 0.705736 0.138077 0.127406
0.000010 0.000010 0.999960 0.000010 0.000010
0.000010 0.394049 0.330939 0.000010 0.274992
0.000010 0.588164 0.360218 0.051598 0.000010
0.000010 0.999960 0.000010 0.000010 0.000010
0.000010 0.999960 0.000010 0.000010 0.000010
0.000010 0.539690 0.343468 0.000010 0.116821
0.000010 0.000010 0.856750 0.143220 0.000010
0.000010 0.000010 0.848999 0.000010 0.150971
0.000010 0.000010 0.719330 0.280640 0.000010
0.000010 0.952159 0.000010 0.000010 0.047811
0.036095 0.506889 0.412030 0.044976 0.000010
0.000010 0.999960 0.000010 0.000010 0.000010
0.000010 0.999960 0.000010 0.000010 0.000010
0.000010 0.780858 0.000010 0.219112 0.000010
0.136589 0.000010 0.761290 0.102102 0.000010
0.382718 0.000010 0.617252 0.000010 0.000010
0.000010 0.436452 0.495461 0.000010 0.068068
0.000010 0.000010 0.860021 0.000010 0.139949
0.000010 0.354352 0.476317 0.000010 0.169310
0.000010 0.303499 0.416286 0.000010 0.280195
0.000010 0.000010 0.777821 0.000010 0.222149
0.000010 0.213932 0.671687 0.114362 0.000010
0.000010 0.274613 0.386020 0.339346 0.000010
0.196866 0.210177 0.592937 0.000010 0.000010
0.000010 0.380029 0.440554 0.179397 0.000010
0.177899 0.138383 0.562803 0.000010 0.120905
0.000010 0.000010 0.730605 0.000010 0.269365
0.246037 0.418679 0.186752 0.000010 0.148522
0.089095 0.644674 0.198543 0.067678 0.000010
0.000010 0.000010 0.999960 0.000010 0.000010
0.215614 0.221602 0.408399 0.102292 0.052093
0.174916 0.663217 0.161847 0.000010 0.000010
0.000010 0.519688 0.305482 0.000010 0.174810
0.453387 0.351139 0.195454 0.000010 0.000010
0.000010 0.393527 0.503693 0.102760 0.000010
0.018380 0.378674 0.388980 0.141867 0.072100
0.124003 0.577297 0.134894 0.130020 0.033785
0.006196 0.191411 0.526266 0.276117 0.000010
