0.000010 0.000010 0.999970 0.000010
0.831936 0.000010 0.000010 0.168044
0.229812 0.000010 0.599098 0.171080
0.999970 0.000010 0.000010 0.000010
0.628114 0.000010 0.292702 0.079173
0.339325 0.146451 0.514213 0.000010
0.546517 0.000010 0.338562 0.114911
0.414565 0.000010 0.585415 0.000010
0.364327 0.095165 0.540498 0.000010
0.999970 0.000010 0.000010 0.000010
0.578979 0.000010 0.421001 0.000010
0.265033 0.000010 0.734947 0.000010
0.633515 0.366465 0.000010 0.000010
0.000010 0.000010 0.999970 0.000010
0.898028 0.101952 0.000010 0.000010
0.274173 0.000010 0.713503 0.012314
0.429635 0.126577 0.443778 0.000010
0.000010 0.076263 0.923717 0.000010
0.642754 0.003287 0.353949 0.000010
0.517120 0.000010 0.482860 0.000010
0.999970 0.000010 0.000010 0.000010
0.999970 0.000010 0.000010 0.000010
0.018342 0.235315 0.746333 0.000010
0.190830 0.000010 0.677483 0.131677
0.111960 0.205082 0.682948 0.000010
0.000010 0.000010 0.999970 0.000010
0.000010 0.297620 0.702360 0.000010
0.236539 0.221130 0.542321 0.000010
0.527450 0.000010 0.472530 0.000010
0.606351 0.163466 0.230173 0.000010
0.270886 0.128042 0.601062 0.000010
0.270004 0.000010 0.673035 0.056952
0.512300 0.000010 0.370881 0.116809
0.238337 0.099140 0.662513 0.000010
0.000010 0.151487 0.848493 0.000010
0.000010 0.000010 0.996993 0.002987
0.000010 0.000010 0.999970 0.000010
0.000010 0.035382 0.964598 0.000010
0.999970 0.000010 0.000010 0.000010
0.000010 0.000010 0.999970 0.000010
0.570152 0.000010 0.237264 0.192574
0.000010 0.000010 0.999970 0.000010
0.666381 0.000010 0.333599 0.000010
0.274078 0.228200 0.497712 0.000010
0.743477 0.059797 0.196715 0.000010
0.000010 0.000010 0.999970 0.000010
0.505671 0.000010 0.356430 0.137888
0.999970 0.000010 0.000010 0.000010
0.000010 0.000010 0.999970 0.000010
0.119933 0.000010 0.880047 0.000010
0.000010 0.558322 0.000010 0.441658
0.249300 0.750680 0.000010 0.000010
0.171490 0.210083 0.000010 0.618417
0.000010 0.255319 0.000010 0.744661
0.093754 0.000010 0.000010 0.906226
0.114846 0.482262 0.000010 0.402882
0.000010 0.000010 0.000010 0.999970
0.000010 0.561985 0.169473 0.268531
0.000010 0.618118 0.000010 0.381862
0.176877 0.785952 0.000010 0.037161
0.000010 0.000010 0.000010 0.999970
0.000010 0.000010 0.000010 0.999970
0.000010 0.000010 0.000010 0.999970
0.000010 0.307542 0.040771 0.651676
0.000010 0.999970 0.000010 0.000010
0.000010 0.719097 0.000010 0.280883
0.116544 0.438670 0.042563 0.402223
0.000010 0.000010 0.000010 0.999970
0.065581 0.312093 0.000010 0.622316
0.000010 0.000010 0.000010 0.999970
0.000010 0.000010 0.000010 0.999970
0.156154 0.000010 0.000010 0.843826
0.159141 0.840839 0.000010 0.000010
0.291551 0.708429 0.000010 0.000010
0.000010 0.334192 0.000010 0.665788
0.000010 0.999970 0.000010 0.000010
0.000010 0.485076 0.107955 0.406959
0.000010 0.451124 0.242142 0.306724
0.000010 0.921541 0.078439 0.000010
0.000010 0.607062 0.014240 0.378688
0.029772 0.262965 0.086621 0.620642
0.126793 0.714736 0.000010 0.158461
0.036589 0.413431 0.046259 0.503721
0.149835 0.742200 0.000010 0.107955
0.000010 0.999970 0.000010 0.000010
0.304002 0.328966 0.000010 0.367022
0.117649 0.289397 0.000010 0.592944
0.000010 0.522812 0.000010 0.477168
0.212093 0.398620 0.085997 0.303290
0.184145 0.151132 0.000010 0.664713
0.000010 0.651914 0.030385 0.317691
0.372068 0.107742 0.000010 0.520180
0.000010 0.332546 0.000010 0.667434
0.031956 0.353343 0.160893 0.453808
0.000010 0.000010 0.246066 0.753914
0.129247 0.252617 0.090255 0.527881
