0.430798 0.569182 0.000010 0.000010
0.000010 0.864631 0.135349 0.000010
0.628848 0.259217 0.111926 0.000010
0.000010 0.999970 0.000010 0.000010
0.504657 0.431943 0.063390 0.000010
0.000010 0.766704 0.000010 0.233276
0.380284 0.503137 0.083003 0.033575
0.370326 0.542881 0.000010 0.086783
0.639780 0.287915 0.072296 0.000010
0.000010 0.999970 0.000010 0.000010
0.000010 0.999970 0.000010 0.000010
0.194312 0.805668 0.000010 0.000010
0.766712 0.000010 0.000010 0.233268
0.999970 0.000010 0.000010 0.000010
0.000010 0.665472 0.000010 0.334508
0.994739 0.005241 0.000010 0.000010
0.704862 0.212111 0.000010 0.083017
0.999970 0.000010 0.000010 0.000010
0.000010 0.999970 0.000010 0.000010
0.000010 0.999970 0.000010 0.000010
0.000010 0.999970 0.000010 0.000010
0.770719 0.229261 0.000010 0.000010
0.311676 0.473155 0.000010 0.215159
0.521425 0.436715 0.041850 0.000010
0.935691 0.000010 0.064289 0.000010
0.000010 0.999970 0.000010 0.000010
0.484448 0.171194 0.000010 0.344348
0.914307 0.000010 0.000010 0.085673
0.999970 0.000010 0.000010 0.000010
0.365113 0.509651 0.000010 0.125226
0.320856 0.512919 0.000010 0.166215
0.000010 0.999970 0.000010 0.000010
0.255405 0.663211 0.081374 0.000010
0.446403 0.468193 0.000010 0.085394
0.705190 0.154471 0.023323 0.117016
0.518587 0.437624 0.043778 0.000010
0.999970 0.000010 0.000010 0.000010
0.999970 0.000010 0.000010 0.000010
0.999970 0.000010 0.000010 0.000010
0.282400 0.717580 0.000010 0.000010
0.308788 0.529125 0.162078 0.000010
0.525055 0.444027 0.000010 0.030908
0.999970 0.000010 0.000010 0.000010
0.013880 0.690062 0.296049 0.000010
0.999970 0.000010 0.000010 0.000010
0.454447 0.463649 0.081895 0.000010
0.204769 0.557074 0.000010 0.238148
0.345096 0.654884 0.000010 0.000010
0.313249 0.686731 0.000010 0.000010
0.646257 0.144907 0.000010 0.208826
0.000010 0.000010 0.999970 0.000010
0.194248 0.000010 0.741701 0.064042
0.165725 0.000010 0.481698 0.352566
0.000010 0.000010 0.999970 0.000010
0.171557 0.000010 0.828423 0.000010
0.112557 0.000010 0.887423 0.000010
0.000010 0.000010 0.999970 0.000010
0.245540 0.000010 0.448193 0.306256
0.000010 0.000010 0.207723 0.792257
0.138754 0.000010 0.000010 0.861226
0.000010 0.000010 0.999970 0.000010
0.000010 0.000010 0.999970 0.000010
0.000010 0.008182 0.241524 0.750284
0.027998 0.000010 0.430101 0.541891
0.000010 0.000010 0.000010 0.999970
0.030598 0.000010 0.469359 0.500033
0.000010 0.193050 0.304922 0.502017
0.000010 0.125152 0.874828 0.000010
0.000010 0.153490 0.604367 0.242133
0.105926 0.000010 0.744629 0.149435
0.000010 0.000010 0.999970 0.000010
0.000010 0.334361 0.665619 0.000010
0.000010 0.298240 0.701740 0.000010
0.176134 0.000010 0.000010 0.823846
0.000010 0.000010 0.999970 0.000010
0.000010 0.000010 0.000010 0.999970
0.181556 0.000010 0.818424 0.000010
0.293731 0.000010 0.706249 0.000010
0.170315 0.000010 0.609009 0.220665
0.049837 0.002798 0.568671 0.378694
0.000010 0.214363 0.280175 0.505452
0.000010 0.191717 0.373058 0.435215
0.100380 0.050179 0.458824 0.390617
0.185651 0.000010 0.295186 0.519153
0.311024 0.000010 0.259978 0.428989
0.345430 0.000010 0.113571 0.540989
0.067273 0.000010 0.479585 0.453132
0.000010 0.000010 0.000010 0.999970
0.379637 0.000010 0.235382 0.384971
0.184730 0.000010 0.561627 0.253633
0.145100 0.000010 0.471724 0.383166
0.000010 0.380959 0.254537 0.364494
0.000010 0.103875 0.560542 0.335573
0.000010 0.221468 0.778512 0.000010
0.160681 0.108268 0.497952 0.233099
0.254408 0.000010 0.660924 0.084658
