0.000010 0.000010 0.000010 0.999960 0.000010
0.000010 0.000010 0.000010 0.794906 0.205064
0.000010 0.000010 0.579424 0.266267 0.154289
0.000010 0.000010 0.000010 0.999960 0.000010
0.000010 0.000010 0.000010 0.941310 0.058660
0.271734 0.000010 0.165456 0.562791 0.000010
0.000010 0.042351 0.000010 0.841386 0.116242
0.000010 0.113800 0.000010 0.886170 0.000010
0.129351 0.000010 0.479419 0.391210 0.000010
0.000010 0.000010 0.000010 0.999960 0.000010
0.000010 0.000010 0.192521 0.807449 0.000010
0.000010 0.005728 0.000010 0.994242 0.000010
0.340337 0.000010 0.000010 0.659633 0.000010
0.000010 0.000010 0.999960 0.000010 0.000010
0.000010 0.227555 0.000010 0.772415 0.000010
0.000010 0.000010 0.999960 0.000010 0.000010
0.000010 0.075483 0.339258 0.585238 0.000010
0.109590 0.000010 0.409195 0.481194 0.000010
0.000010 0.000010 0.000010 0.999960 0.000010
0.000010 0.000010 0.000010 0.999960 0.000010
0.000010 0.000010 0.000010 0.999960 0.000010
0.142815 0.021618 0.194255 0.641302 0.000010
0.360270 0.000010 0.453630 0.186080 0.000010
0.000010 0.134397 0.865573 0.000010 0.000010
0.130050 0.000010 0.647158 0.131459 0.091323
0.000010 0.000010 0.497003 0.502967 0.000010
0.000010 0.000010 0.000010 0.837159 0.162811
0.259763 0.000010 0.267130 0.473087 0.000010
0.000010 0.000010 0.303206 0.696764 0.000010
0.230490 0.000010 0.197074 0.572416 0.000010
0.000010 0.093056 0.906914 0.000010 0.000010
0.000010 0.000010 0.999960 0.000010 0.000010
0.000010 0.000010 0.999960 0.000010 0.000010
0.103598 0.038754 0.184664 0.672973 0.000010
0.199453 0.000010 0.800517 0.000010 0.000010
0.000010 0.000010 0.999960 0.000010 0.000010
0.000010 0.000010 0.999960 0.000010 0.000010
0.000010 0.000010 0.999960 0.000010 0.000010
0.142234 0.000010 0.499099 0.358647 0.000010
0.000010 0.000010 0.510222 0.489748 0.000010
0.000010 0.179662 0.299154 0.513439 0.007735
0.000010 0.000010 0.000010 0.999960 0.000010
0.000010 0.000010 0.999960 0.000010 0.000010
0.000010 0.000010 0.000010 0.686467 0.313503
0.126283 0.000010 0.628466 0.245231 0.000010
0.000010 0.000010 0.701654 0.218178 0.080147
0.000010 0.303545 0.000010 0.696425 0.000010
0.000010 0.000010 0.587960 0.412010 0.000010
0.000010 0.000010 0.304376 0.695594 0.000010
0.000010 0.190786 0.277144 0.532050 0.000010
0.000010 0.000010 0.000010 0.000010 0.999960
0.999960 0.000010 0.000010 0.000010 0.000010
0.149931 0.618742 0.000010 0.040062 0.191255
0.000010 0.189052 0.000010 0.000010 0.810918
0.000010 0.657923 0.065778 0.000010 0.276279
0.514747 0.191930 0.000010 0.000010 0.293303
0.000010 0.000010 0.000010 0.000010 0.999960
0.513323 0.066931 0.100562 0.000010 0.319174
0.560434 0.033263 0.000010 0.000010 0.406283
0.651068 0.348902 0.000010 0.000010 0.000010
0.000010 0.000010 0.000010 0.000010 0.999960
0.000010 0.000010 0.000010 0.000010 0.999960
0.000010 0.999960 0.000010 0.000010 0.000010
0.000010 0.735896 0.000010 0.000010 0.264074
0.999960 0.000010 0.000010 0.000010 0.000010
0.000010 0.000010 0.000010 0.000010 0.999960
0.000010 0.183880 0.000010 0.177173 0.638928
0.066764 0.480826 0.000010 0.000010 0.452390
0.000010 0.000010 0.000010 0.117828 0.882142
0.000010 0.999960 0.000010 0.000010 0.000010
0.000010 0.000010 0.000010 0.000010 0.999960
0.000010 0.999960 0.000010 0.000010 0.000010
0.593662 0.000010 0.000010 0.042893 0.363425
0.657073 0.181495 0.000010 0.161413 0.000010
0.000010 0.000010 0.000010 0.000010 0.999960
0.508096 0.491874 0.000010 0.000010 0.000010
0.631268 0.000010 0.000010 0.000010 0.368702
0.358027 0.000010 0.179705 0.000010 0.462248
0.385635 0.000010 0.000010 0.000010 0.614335
0.735225 0.000010 0.000010 0.000010 0.264745
0.000010 0.553585 0.000010 0.129107 0.317288
0.999960 0.000010 0.000010 0.000010 0.000010
0.248166 0.565771 0.038736 0.000010 0.147318
0.475796 0.524174 0.000010 0.000010 0.000010
0.999960 0.000010 0.000010 0.000010 0.000010
0.340706 0.390425 0.000010 0.268849 0.000010
0.253572 0.641534 0.104874 0.000010 0.000010
0.000010 0.999960 0.000010 0.000010 0.000010
0.464046 0.220425 0.315510 0.000010 0.000010
0.239171 0.539468 0.000010 0.045634 0.175716
0.999960 0.000010 0.000010 0.000010 0.000010
0.000010 0.358252 0.000010 0.333027 0.308701
0.301381 0.512493 0.000010 0.000010 0.186106
0.000010 0.000010 0.000010 0.160744 0.839226
0.000010 0.498407 0.253079 0.000010 0.248493
0.189918 0.045371 0.200916 0.000010 0.563784
