0.000010 0.000010 0.000010 0.343897 0.656073
0.000010 0.178306 0.000010 0.000010 0.821664
0.000010 0.013345 0.086865 0.539005 0.360775
0.999960 0.000010 0.000010 0.000010 0.000010
0.261303 0.000010 0.084875 0.361514 0.292298
0.000010 0.055512 0.000010 0.244988 0.699481
0.000010 0.000010 0.089838 0.910132 0.000010
0.510131 0.000010 0.000010 0.489839 0.000010
0.196616 0.000010 0.046276 0.557834 0.199265
0.000010 0.000010 0.000010 0.000010 0.999960
0.200557 0.000010 0.000010 0.000010 0.799413
0.274030 0.000010 0.000010 0.000010 0.725940
0.369221 0.000010 0.226284 0.404475 0.000010
0.000010 0.000010 0.000010 0.999960 0.000010
0.999960 0.000010 0.000010 0.000010 0.000010
0.000010 0.000010 0.000010 0.358402 0.641568
0.077792 0.000010 0.061144 0.342821 0.518233
0.000010 0.000010 0.000010 0.999960 0.000010
0.308099 0.000010 0.000010 0.457320 0.234561
0.999960 0.000010 0.000010 0.000010 0.000010
0.000010 0.000010 0.000010 0.000010 0.999960
0.436069 0.000010 0.000010 0.000010 0.563901
0.000010 0.000010 0.000010 0.000010 0.999960
0.000010 0.000010 0.000010 0.000010 0.999960
0.180466 0.000010 0.106715 0.712798 0.000010
0.000010 0.000010 0.000010 0.000010 0.999960
0.515339 0.200526 0.000010 0.284116 0.000010
0.000010 0.176471 0.000010 0.581966 0.241543
0.635317 0.000010 0.000010 0.000010 0.364653
0.014614 0.073022 0.000010 0.486481 0.425873
0.999960 0.000010 0.000010 0.000010 0.000010
0.000010 0.000010 0.000010 0.000010 0.999960
0.000010 0.014070 0.000010 0.000010 0.985900
0.000010 0.000010 0.000010 0.999960 0.000010
0.000010 0.000010 0.068923 0.767285 0.163771
0.000010 0.000010 0.000010 0.266584 0.733386
0.000010 0.000010 0.000010 0.999960 0.000010
0.000010 0.000010 0.000010 0.999960 0.000010
0.000010 0.000010 0.000010 0.999960 0.000010
0.000010 0.000010 0.000010 0.999960 0.000010
0.390807 0.000010 0.143030 0.075131 0.391022
0.999960 0.000010 0.000010 0.000010 0.000010
0.000010 0.000010 0.000010 0.000010 0.999960
0.000010 0.088789 0.133186 0.154109 0.623906
0.377278 0.000010 0.007385 0.188219 0.427108
0.055878 0.000010 0.133058 0.811044 0.000010
0.999960 0.000010 0.000010 0.000010 0.000010
0.999960 0.000010 0.000010 0.000010 0.000010
0.000010 0.000010 0.000010 0.999960 0.000010
0.137593 0.101839 0.000010 0.598354 0.162205
0.000010 0.276546 0.723424 0.000010 0.000010
0.177891 0.000010 0.822079 0.000010 0.000010
0.242789 0.280578 0.476613 0.000010 0.000010
0.000010 0.000010 0.999960 0.000010 0.000010
0.000010 0.000010 0.911275 0.088695 0.000010
0.000010 0.070462 0.755277 0.000010 0.174241
0.000010 0.294338 0.705632 0.000010 0.000010
0.000010 0.367385 0.389248 0.243347 0.000010
0.000010 0.999960 0.000010 0.000010 0.000010
0.000010 0.831569 0.000010 0.168401 0.000010
0.000010 0.539617 0.405070 0.055293 0.000010
0.000010 0.999960 0.000010 0.000010 0.000010
0.000010 0.999960 0.000010 0.000010 0.000010
0.000010 0.577308 0.304872 0.117800 0.000010
0.074049 0.925921 0.000010 0.000010 0.000010
0.000010 0.999960 0.000010 0.000010 0.000010
0.000010 0.893440 0.000010 0.000010 0.106530
0.225632 0.000010 0.774338 0.000010 0.000010
0.000010 0.398608 0.481970 0.000010 0.119402
0.000010 0.000010 0.830459 0.169511 0.000010
0.000010 0.116900 0.883070 0.000010 0.000010
0.369486 0.000010 0.630484 0.000010 0.000010
0.295644 0.000010 0.704326 0.000010 0.000010
0.414955 0.585015 0.000010 0.000010 0.000010
0.000010 0.000010 0.999960 0.000010 0.000010
0.176506 0.823464 0.000010 0.000010 0.000010
0.000010 0.000010 0.965085 0.034885 0.000010
0.000010 0.000010 0.706706 0.293264 0.000010
0.000010 0.460821 0.319276 0.219883 0.000010
0.208695 0.000010 0.791275 0.000010 0.000010
0.278233 0.385613 0.336133 0.000010 0.000010
0.000010 0.215606 0.545567 0.000010 0.238808
0.000010 0.414010 0.384798 0.201172 0.000010
0.257090 0.242987 0.499903 0.000010 0.000010
0.000010 0.465594 0.230666 0.303720 0.000010
0.000010 0.000010 0.621678 0.271374 0.106928
0.000010 0.000010 0.782696 0.000010 0.217274
0.000010 0.999960 0.000010 0.000010 0.000010
0.000010 0.195881 0.398312 0.000010 0.405787
0.225666 0.000010 0.774304 0.000010 0.000010
0.239064 0.000010 0.760906 0.000010 0.000010
0.495043 0.278588 0.226350 0.000010 0.000010
0.000010 0.000010 0.929130 0.000010 0.070840
0.000010 0.234915 0.527577 0.231327 0.006170
0.000010 0.276447 0.402083 0.000010 0.321450
0.029511 0.315792 0.417346 0.021792 0.215559
