0.000010 0.000010 0.999960 0.000010 0.000010
0.000010 0.228012 0.419004 0.352964 0.000010
0.000010 0.041028 0.000010 0.890547 0.068405
0.000010 0.000010 0.000010 0.999960 0.000010
0.000010 0.000010 0.402300 0.466913 0.130766
0.123684 0.000010 0.361274 0.515021 0.000010
0.000010 0.041848 0.000010 0.958122 0.000010
0.029908 0.000010 0.377648 0.592424 0.000010
0.124370 0.000010 0.761784 0.113827 0.000010
0.000010 0.000010 0.000010 0.999960 0.000010
0.000010 0.000010 0.999960 0.000010 0.000010
0.000010 0.000010 0.650837 0.349133 0.000010
0.000010 0.201648 0.000010 0.629010 0.169322
0.000010 0.000010 0.999960 0.000010 0.000010
0.284045 0.000010 0.000010 0.715925 0.000010
0.000010 0.016863 0.684394 0.298722 0.000010
0.000010 0.000010 0.478008 0.434072 0.087900
0.000010 0.000010 0.635056 0.285725 0.079199
0.000010 0.000010 0.000010 0.966665 0.033305
0.000010 0.000010 0.000010 0.999960 0.000010
0.000010 0.000010 0.000010 0.999960 0.000010
0.000010 0.000010 0.431319 0.404037 0.164624
0.215122 0.000010 0.550537 0.234320 0.000010
0.000010 0.000010 0.317475 0.521501 0.161004
0.122238 0.068821 0.638246 0.170686 0.000010
0.000010 0.000010 0.999960 0.000010 0.000010
0.274453 0.078879 0.000010 0.646648 0.000010
0.210962 0.000010 0.695779 0.093239 0.000010
0.000010 0.000010 0.900743 0.000010 0.099227
0.000010 0.140314 0.277202 0.582464 0.000010
0.158366 0.000010 0.841604 0.000010 0.000010
0.000010 0.060488 0.193071 0.746421 0.000010
0.000010 0.000010 0.999960 0.000010 0.000010
0.123848 0.000010 0.253991 0.619659 0.002492
0.035466 0.000010 0.240414 0.659422 0.064687
0.000010 0.000010 0.999960 0.000010 0.000010
0.000010 0.000010 0.765232 0.234738 0.000010
0.000010 0.054265 0.315439 0.630276 0.000010
0.000010 0.000010 0.000010 0.999960 0.000010
0.000010 0.000010 0.397820 0.602150 0.000010
0.000010 0.000010 0.181716 0.542461 0.275803
0.000010 0.000010 0.000010 0.999960 0.000010
0.059121 0.000010 0.575710 0.365149 0.000010
0.000010 0.156213 0.843757 0.000010 0.000010
0.000010 0.000010 0.777193 0.199132 0.023655
0.000010 0.000010 0.999960 0.000010 0.000010
0.308328 0.000010 0.304840 0.386813 0.000010
0.000010 0.000010 0.999960 0.000010 0.000010
0.000010 0.000010 0.736976 0.262994 0.000010
0.171798 0.000010 0.235907 0.592275 0.000010
0.176661 0.568537 0.000010 0.000010 0.254782
0.370441 0.000010 0.000010 0.000010 0.629529
0.000010 0.461802 0.000010 0.129450 0.408728
0.000010 0.000010 0.000010 0.000010 0.999960
0.000010 0.283974 0.000010 0.045652 0.670354
0.253712 0.232882 0.000010 0.000010 0.513386
0.000010 0.575564 0.000010 0.000010 0.424406
0.429780 0.217517 0.000010 0.149206 0.203487
0.542289 0.457681 0.000010 0.000010 0.000010
0.145223 0.708437 0.000010 0.146320 0.000010
0.000010 0.999960 0.000010 0.000010 0.000010
0.000010 0.999960 0.000010 0.000010 0.000010
0.150469 0.849501 0.000010 0.000010 0.000010
0.000010 0.999960 0.000010 0.000010 0.000010
0.999960 0.000010 0.000010 0.000010 0.000010
0.000010 0.999960 0.000010 0.000010 0.000010
0.400078 0.560031 0.000010 0.039871 0.000010
0.308886 0.000010 0.000010 0.000010 0.691084
0.000010 0.541250 0.000010 0.037538 0.421191
0.000010 0.000010 0.000010 0.000010 0.999960
0.000010 0.433779 0.000010 0.000010 0.566191
0.000010 0.366336 0.000010 0.178253 0.455390
0.999960 0.000010 0.000010 0.000010 0.000010
0.604410 0.188322 0.000010 0.207248 0.000010
0.000010 0.000010 0.000010 0.000010 0.999960
0.999960 0.000010 0.000010 0.000010 0.000010
0.000010 0.000010 0.000010 0.000010 0.999960
0.000010 0.805627 0.000010 0.194343 0.000010
0.000010 0.999960 0.000010 0.000010 0.000010
0.328315 0.000010 0.000010 0.000010 0.671655
0.394287 0.074037 0.000010 0.069473 0.462194
0.999960 0.000010 0.000010 0.000010 0.000010
0.290205 0.254270 0.000010 0.045482 0.410033
0.575176 0.000010 0.000010 0.137989 0.286814
0.999960 0.000010 0.000010 0.000010 0.000010
0.205726 0.000010 0.000010 0.307248 0.487006
0.448027 0.000010 0.000010 0.000010 0.551943
0.999960 0.000010 0.000010 0.000010 0.000010
0.292187 0.000010 0.000010 0.231107 0.476686
0.000010 0.000010 0.000010 0.000010 0.999960
0.314537 0.000010 0.000010 0.000010 0.685433
0.549222 0.115914 0.000010 0.326543 0.008311
0.000010 0.000010 0.000010 0.000010 0.999960
0.000010 0.699636 0.160208 0.045114 0.095032
0.000010 0.313262 0.261428 0.000010 0.425290
0.102709 0.386945 0.000010 0.221331 0.289004
