0.000010 0.000010 0.000010 0.000010 0.999960
0.000010 0.654983 0.000010 0.277888 0.067109
0.121913 0.406339 0.000010 0.000010 0.471728
0.000010 0.999960 0.000010 0.000010 0.000010
0.018778 0.628591 0.102786 0.000010 0.249835
0.066691 0.404898 0.107531 0.000010 0.420870
0.066481 0.397008 0.000010 0.000010 0.536491
0.000010 0.207235 0.424829 0.000010 0.367916
0.000628 0.350291 0.353890 0.000010 0.295182
0.000010 0.727757 0.000010 0.000010 0.272213
0.000010 0.532239 0.183219 0.000010 0.284521
0.000010 0.000010 0.091590 0.000010 0.908380
0.000010 0.399727 0.305024 0.247518 0.047721
0.000010 0.000010 0.521973 0.000010 0.477997
0.000010 0.828611 0.000010 0.171359 0.000010
0.000010 0.232920 0.000010 0.000010 0.767050
0.036610 0.482460 0.000010 0.000010 0.480910
0.000010 0.000010 0.999960 0.000010 0.000010
0.000010 0.492300 0.000010 0.000010 0.507670
0.000010 0.325176 0.232704 0.000010 0.442100
0.000010 0.999960 0.000010 0.000010 0.000010
0.000010 0.999960 0.000010 0.000010 0.000010
0.102640 0.000010 0.130473 0.000010 0.766867
0.081846 0.215488 0.332575 0.000010 0.370080
0.000010 0.130059 0.000010 0.217969 0.651952
0.000010 0.290105 0.000010 0.067485 0.642390
0.000010 0.000010 0.999960 0.000010 0.000010
0.000010 0.000010 0.999960 0.000010 0.000010
0.000010 0.734168 0.265802 0.000010 0.000010
0.092152 0.515080 0.169371 0.000010 0.223387
0.000010 0.252988 0.073602 0.036120 0.637279
0.000010 0.000010 0.000010 0.000010 0.999960
0.000010 0.532904 0.000010 0.118182 0.348894
0.000010 0.000010 0.455374 0.000010 0.544596
0.015364 0.230661 0.391906 0.000010 0.362058
0.000010 0.000010 0.000010 0.000010 0.999960
0.000010 0.000010 0.292824 0.000010 0.707146
0.000010 0.000010 0.306111 0.041205 0.652664
0.000010 0.999960 0.000010 0.000010 0.000010
0.000010 0.000010 0.000010 0.000010 0.999960
0.201636 0.621640 0.068466 0.000010 0.108248
0.000010 0.000010 0.618507 0.000010 0.381463
0.000010 0.814085 0.080826 0.000010 0.105069
0.000010 0.277152 0.291714 0.189235 0.241889
0.000010 0.999960 0.000010 0.000010 0.000010
0.000010 0.000010 0.000010 0.000010 0.999960
0.028481 0.619184 0.352315 0.000010 0.000010
0.000010 0.999960 0.000010 0.000010 0.000010
0.000010 0.000010 0.196102 0.000010 0.803868
0.000010 0.000010 0.529252 0.000010 0.470718
0.467541 0.000010 0.000010 0.532429 0.000010
0.537160 0.296011 0.000010 0.166809 0.000010
0.803089 0.196881 0.000010 0.000010 0.000010
0.999960 0.000010 0.000010 0.000010 0.000010
0.891644 0.061310 0.000014 0.000010 0.047022
0.628178 0.174306 0.000010 0.197495 0.000010
0.726121 0.000010 0.000010 0.225002 0.048857
0.419513 0.000010 0.131133 0.342577 0.106767
0.999960 0.000010 0.000010 0.000010 0.000010
0.182490 0.051268 0.163585 0.602647 0.000010
0.855870 0.000016 0.000010 0.144094 0.000010
0.000010 0.000010 0.000010 0.999960 0.000010
0.809658 0.000010 0.190312 0.000010 0.000010
0.637509 0.000010 0.000010 0.210505 0.151966
0.000010 0.000010 0.096977 0.902993 0.000010
0.000010 0.000010 0.000010 0.999960 0.000010
0.000010 0.000010 0.000010 0.999960 0.000010
0.842152 0.000010 0.157818 0.000010 0.000010
0.533159 0.000010 0.000010 0.335677 0.131144
0.941276 0.000010 0.000010 0.000010 0.058694
0.999960 0.000010 0.000010 0.000010 0.000010
0.724599 0.000010 0.000010 0.000010 0.275371
0.296039 0.000010 0.398417 0.305524 0.000010
0.000010 0.312425 0.000010 0.687545 0.000010
0.757467 0.000010 0.000010 0.242503 0.000010
0.000010 0.000010 0.302070 0.697900 0.000010
0.827124 0.000010 0.106973 0.000010 0.065883
0.553797 0.000010 0.286310 0.159873 0.000010
0.000010 0.000010 0.000010 0.999960 0.000010
0.844778 0.000010 0.155192 0.000010 0.000010
0.203056 0.000010 0.000010 0.579817 0.217107
0.472201 0.200544 0.000010 0.327235 0.000010
0.355153 0.000010 0.000010 0.470323 0.174504
0.231986 0.170924 0.075676 0.521404 0.000010
0.000010 0.000010 0.047526 0.952444 0.000010
0.528545 0.159578 0.311857 0.000010 0.000010
0.831188 0.168782 0.000010 0.000010 0.000010
0.530901 0.000010 0.002888 0.466191 0.000010
0.599214 0.240766 0.160000 0.000010 0.000010
0.757415 0.000010 0.242555 0.000010 0.000010
0.752464 0.000010 0.247506 0.000010 0.000010
0.282393 0.368710 0.000010 0.348877 0.000010
0.908459 0.000010 0.000010 0.000010 0.091511
0.311664 0.000010 0.000010 0.480651 0.207664
0.619147 0.155035 0.000010 0.089915 0.135893
0.513694 0.101198 0.010668 0.239720 0.134721
