0.000010 0.000010 0.000010 0.999960 0.000010
0.733675 0.266295 0.000010 0.000010 0.000010
0.549972 0.169667 0.000010 0.280341 0.000010
0.999960 0.000010 0.000010 0.000010 0.000010
0.589271 0.000010 0.163613 0.247096 0.000010
0.345465 0.000010 0.116086 0.475862 0.062577
0.512680 0.143183 0.000010 0.342268 0.001859
0.357177 0.000010 0.000010 0.607100 0.035703
0.545632 0.141147 0.000010 0.313202 0.000010
0.999960 0.000010 0.000010 0.000010 0.000010
0.553574 0.025050 0.000010 0.421356 0.000010
0.000010 0.000010 0.000010 0.999960 0.000010
0.390352 0.000010 0.478155 0.131473 0.000010
0.000010 0.000010 0.000010 0.999960 0.000010
0.727344 0.000010 0.000010 0.000010 0.272626
0.050943 0.000010 0.000010 0.905609 0.043428
0.355307 0.000010 0.115503 0.529170 0.000010
0.000010 0.000010 0.100888 0.899082 0.000010
0.605011 0.000010 0.058876 0.336093 0.000010
0.410796 0.000010 0.000010 0.589174 0.000010
0.999960 0.000010 0.000010 0.000010 0.000010
0.967117 0.032853 0.000010 0.000010 0.000010
0.000010 0.000010 0.000010 0.811465 0.188505
0.315965 0.125472 0.000010 0.558543 0.000010
0.091899 0.000010 0.091952 0.729325 0.086814
0.258303 0.000010 0.000010 0.741667 0.000010
0.205009 0.000010 0.000010 0.440868 0.354103
0.223313 0.000010 0.000010 0.568490 0.208177
0.604167 0.000010 0.000010 0.395803 0.000010
0.562510 0.000010 0.132296 0.275130 0.030055
0.000010 0.000010 0.000010 0.777443 0.222527
0.000010 0.000010 0.000010 0.999960 0.000010
0.388315 0.271563 0.000010 0.340102 0.000010
0.241832 0.000010 0.121157 0.636991 0.000010
0.223837 0.000010 0.203953 0.572190 0.000010
0.000010 0.000010 0.000010 0.999960 0.000010
0.087388 0.000010 0.000010 0.912582 0.000010
0.000010 0.000010 0.055233 0.944737 0.000010
0.999960 0.000010 0.000010 0.000010 0.000010
0.000010 0.000010 0.000010 0.999960 0.000010
0.558292 0.150400 0.074717 0.216581 0.000010
0.000010 0.000010 0.000010 0.999960 0.000010
0.775426 0.000010 0.000010 0.224544 0.000010
0.318195 0.315904 0.000010 0.365881 0.000010
0.709676 0.000010 0.048630 0.241673 0.000010
0.000010 0.096873 0.000010 0.903097 0.000010
0.543752 0.003222 0.000010 0.190227 0.262789
0.999960 0.000010 0.000010 0.000010 0.000010
0.000010 0.000010 0.000010 0.999960 0.000010
0.162563 0.000010 0.000010 0.634773 0.202644
0.000010 0.045672 0.681702 0.000010 0.272606
0.000010 0.000010 0.999960 0.000010 0.000010
0.021579 0.254184 0.308297 0.040142 0.375799
0.000010 0.999960 0.000010 0.000010 0.000010
0.000010 0.540003 0.459967 0.000010 0.000010
0.046175 0.418990 0.534815 0.000010 0.000010
0.000010 0.999960 0.000010 0.000010 0.000010
0.000010 0.000010 0.443518 0.121097 0.435365
0.000010 0.000010 0.000010 0.000010 0.999960
0.097821 0.000010 0.000010 0.000010 0.902149
0.000010 0.999960 0.000010 0.000010 0.000010
0.000010 0.999960 0.000010 0.000010 0.000010
0.000010 0.000010 0.000010 0.000010 0.999960
0.000010 0.108173 0.261451 0.000010 0.630357
0.000010 0.000010 0.000010 0.000010 0.999960
0.000010 0.333187 0.000010 0.000010 0.666783
0.072401 0.237343 0.000010 0.000010 0.690236
0.000010 0.999960 0.000010 0.000010 0.000010
0.066483 0.566374 0.037100 0.000010 0.330033
0.000010 0.293141 0.580277 0.000010 0.126563
0.000010 0.999960 0.000010 0.000010 0.000010
0.155207 0.575982 0.268791 0.000010 0.000010
0.000010 0.312644 0.556547 0.130789 0.000010
0.325149 0.000010 0.000010 0.000010 0.674821
0.000010 0.000010 0.999960 0.000010 0.000010
0.000010 0.000010 0.000010 0.000010 0.999960
0.000010 0.000010 0.999960 0.000010 0.000010
0.000010 0.219303 0.609637 0.171040 0.000010
0.035934 0.291217 0.440984 0.000010 0.231855
0.000010 0.000010 0.694444 0.000010 0.305526
0.000010 0.275670 0.170321 0.110498 0.443501
0.079964 0.000010 0.631789 0.000010 0.288226
0.000010 0.097781 0.525531 0.058324 0.318354
0.064210 0.000010 0.623491 0.000010 0.312279
0.000010 0.000010 0.683944 0.000010 0.316026
0.255581 0.000010 0.506874 0.000010 0.237525
0.147274 0.296909 0.352988 0.000010 0.202818
0.000010 0.000010 0.000010 0.000010 0.999960
0.243589 0.000010 0.625561 0.000010 0.130830
0.049140 0.248298 0.482197 0.000010 0.220354
0.000010 0.000010 0.999960 0.000010 0.000010
0.312690 0.423076 0.000010 0.000010 0.264214
0.000010 0.261278 0.560424 0.000010 0.178278
0.000010 0.627192 0.229567 0.143221 0.000010
0.155728 0.187710 0.419288 0.027266 0.210008
0.178726 0.398914 0.307826 0.000010 0.114524
