0.509392 0.000010 0.000010 0.490578 0.000010
0.223023 0.000010 0.212645 0.000010 0.564312
0.000010 0.091445 0.000010 0.544251 0.364284
0.000010 0.000010 0.000010 0.000010 0.999960
0.144153 0.018633 0.008254 0.282793 0.546167
0.180566 0.054621 0.000010 0.512607 0.252195
0.000010 0.000010 0.000010 0.999960 0.000010
0.589947 0.000010 0.000010 0.362691 0.047342
0.384979 0.050427 0.000010 0.302948 0.261637
0.000010 0.000010 0.000010 0.999960 0.000010
0.291083 0.000010 0.000010 0.685577 0.023320
0.220306 0.000010 0.000010 0.779664 0.000010
0.531188 0.000010 0.101214 0.000010 0.367578
0.552974 0.000010 0.000010 0.446996 0.000010
0.000010 0.000010 0.184743 0.166554 0.648684
0.000010 0.000010 0.038050 0.644940 0.316989
0.371790 0.000010 0.035329 0.270650 0.322221
0.999960 0.000010 0.000010 0.000010 0.000010
0.000010 0.000010 0.000010 0.715472 0.284498
0.248840 0.000010 0.000010 0.457296 0.293844
0.000010 0.000010 0.000010 0.403818 0.596152
0.000010 0.000010 0.000010 0.000010 0.999960
0.187408 0.063099 0.000010 0.749474 0.000010
0.000010 0.000010 0.020287 0.430200 0.549493
0.627708 0.063824 0.000010 0.023102 0.285357
0.000010 0.000010 0.000010 0.999960 0.000010
0.999960 0.000010 0.000010 0.000010 0.000010
0.999960 0.000010 0.000010 0.000010 0.000010
0.189473 0.000010 0.000010 0.000010 0.810497
0.159724 0.091592 0.000010 0.298566 0.450108
0.045455 0.000010 0.043426 0.468452 0.442657
0.000010 0.000010 0.000010 0.999960 0.000010
0.000010 0.000010 0.085518 0.000010 0.914452
0.566857 0.000010 0.000010 0.433113 0.000010
0.084970 0.041325 0.000010 0.630187 0.243507
0.130994 0.000010 0.000010 0.868976 0.000010
0.449803 0.000010 0.000010 0.550167 0.000010
0.112093 0.000010 0.000010 0.252025 0.635863
0.000010 0.000010 0.000010 0.000010 0.999960
0.000010 0.000010 0.000010 0.999960 0.000010
0.000010 0.122003 0.000010 0.360941 0.517036
0.480210 0.000010 0.000010 0.519760 0.000010
0.000010 0.000010 0.000010 0.000010 0.999960
0.447767 0.217717 0.000010 0.000010 0.334496
0.000010 0.000010 0.000010 0.000010 0.999960
0.000010 0.000010 0.000010 0.999960 0.000010
0.283422 0.000010 0.114545 0.453110 0.148914
0.000010 0.000010 0.000010 0.000010 0.999960
0.392870 0.000010 0.000010 0.607100 0.000010
0.444439 0.000010 0.000010 0.555531 0.000010
0.000501 0.999469 0.000010 0.000010 0.000010
0.000010 0.756517 0.000010 0.000010 0.243453
0.000010 0.253326 0.563004 0.000010 0.183650
0.000010 0.999960 0.000010 0.000010 0.000010
0.000010 0.553720 0.325591 0.033720 0.086958
0.000010 0.643829 0.129030 0.000010 0.227121
0.000010 0.822602 0.177368 0.000010 0.000010
0.133013 0.376176 0.322876 0.167925 0.000010
0.023866 0.642487 0.333627 0.000010 0.000010
0.156466 0.000010 0.759880 0.000010 0.083634
0.000010 0.851737 0.140095 0.008148 0.000010
0.000010 0.000010 0.999960 0.000010 0.000010
0.000010 0.000010 0.999960 0.000010 0.000010
0.019833 0.000010 0.980137 0.000010 0.000010
0.207933 0.000010 0.792037 0.000010 0.000010
0.247399 0.248801 0.503780 0.000010 0.000010
0.000010 0.000010 0.754361 0.245609 0.000010
0.074083 0.840651 0.000010 0.000010 0.085246
0.000010 0.656434 0.185228 0.158318 0.000010
0.000010 0.333786 0.558391 0.107802 0.000010
0.000010 0.999960 0.000010 0.000010 0.000010
0.000010 0.000010 0.754356 0.245614 0.000010
0.361026 0.638944 0.000010 0.000010 0.000010
0.011924 0.000010 0.611190 0.000010 0.376866
0.000010 0.999960 0.000010 0.000010 0.000010
0.291821 0.000010 0.708149 0.000010 0.000010
0.000010 0.932416 0.000010 0.067554 0.000010
0.198509 0.801461 0.000010 0.000010 0.000010
0.160141 0.521338 0.275299 0.043212 0.000010
0.128826 0.700674 0.165708 0.004782 0.000010
0.000010 0.000010 0.667158 0.332812 0.000010
0.246527 0.582628 0.170824 0.000010 0.000010
0.006352 0.000010 0.802743 0.190886 0.000010
0.232233 0.000010 0.764717 0.000010 0.003029
0.419331 0.580639 0.000010 0.000010 0.000010
0.188118 0.174642 0.418953 0.000010 0.218277
0.000010 0.666084 0.176411 0.000010 0.157485
0.000010 0.000010 0.999960 0.000010 0.000010
0.000010 0.309329 0.285979 0.147396 0.257286
0.015690 0.366632 0.404482 0.000010 0.213186
0.213118 0.786852 0.000010 0.000010 0.000010
0.000010 0.262450 0.341147 0.000010 0.396382
0.000010 0.349532 0.537255 0.113193 0.000010
0.000010 0.804453 0.000010 0.195517 0.000010
0.000010 0.300050 0.391054 0.065624 0.243261
0.000010 0.613973 0.123905 0.002721 0.259391
