0.000010 0.213588 0.786402
0.136700 0.000010 0.863290
0.068906 0.227854 0.703240
0.000010 0.000010 0.999980
0.000010 0.297361 0.702629
0.048466 0.000010 0.951524
0.085309 0.223417 0.691273
0.000010 0.281147 0.718843
0.007786 0.240901 0.751313
0.000010 0.000010 0.999980
0.000010 0.000010 0.999980
0.000010 0.000010 0.999980
0.000010 0.999980 0.000010
0.000010 0.000010 0.999980
0.020402 0.631020 0.348578
0.000010 0.000010 0.999980
0.000010 0.519272 0.480718
0.000010 0.463746 0.536244
0.000010 0.159495 0.840495
0.000010 0.105449 0.894541
0.000010 0.186446 0.813544
0.000010 0.842476 0.157514
0.099212 0.141951 0.758837
0.037975 0.000010 0.962015
0.000010 0.999980 0.000010
0.000010 0.000010 0.999980
0.000010 0.703070 0.296920
0.000010 0.999980 0.000010
0.000010 0.357814 0.642176
0.067323 0.348656 0.584021
0.000961 0.240998 0.758041
0.000010 0.000010 0.999980
0.045096 0.000010 0.954894
0.012436 0.247124 0.740440
0.032928 0.160543 0.806529
0.032739 0.000010 0.967251
0.000010 0.000010 0.999980
0.000010 0.506837 0.493153
0.000010 0.999980 0.000010
0.000010 0.000010 0.999980
0.100227 0.000010 0.899763
0.000010 0.426934 0.573056
0.000010 0.002299 0.997691
0.156077 0.150618 0.693305
0.000010 0.999980 0.000010
0.000010 0.000010 0.999980
0.000010 0.569259 0.430731
0.000010 0.000010 0.999980
0.000010 0.266782 0.733208
0.000010 0.505841 0.494149
0.999980 0.000010 0.000010
0.714868 0.285122 0.000010
0.695312 0.304678 0.000010
0.999980 0.000010 0.000010
0.845416 0.154574 0.000010
0.799163 0.200827 0.000010
0.999980 0.000010 0.000010
0.665342 0.334648 0.000010
0.999980 0.000010 0.000010
0.598055 0.401935 0.000010
0.930031 0.000010 0.069959
0.912843 0.000010 0.087147
0.907144 0.000010 0.092846
0.849078 0.000010 0.150912
0.824005 0.000010 0.175985
0.688057 0.311933 0.000010
0.723836 0.034603 0.241562
0.843285 0.156705 0.000010
0.780089 0.000010 0.219901
0.926177 0.073813 0.000010
0.999980 0.000010 0.000010
0.736121 0.000010 0.263869
0.704224 0.000010 0.295766
0.575768 0.424222 0.000010
0.999976 0.000014 0.000010
0.656379 0.343611 0.000010
0.797432 0.202558 0.000010
0.694483 0.305507 0.000010
0.715801 0.284189 0.000010
0.798673 0.201317 0.000010
0.767219 0.000010 0.232771
0.734486 0.128673 0.136840
0.816612 0.000010 0.183378
0.592904 0.407086 0.000010
0.523872 0.476118 0.000010
0.496254 0.503736 0.000010
0.811216 0.000010 0.188774
0.999980 0.000010 0.000010
0.587258 0.152957 0.259784
0.767648 0.232342 0.000010
0.756733 0.243257 0.000010
0.560149 0.083200 0.356651
0.913947 0.000010 0.086043
0.717149 0.056834 0.226016
0.638576 0.250402 0.111021
0.715298 0.239903 0.044799
