0.999980 0.000010 0.000010
0.761332 0.238658 0.000010
0.827438 0.000010 0.172552
0.999980 0.000010 0.000010
0.913625 0.086365 0.000010
0.866716 0.133274 0.000010
0.836891 0.000010 0.163099
0.956639 0.043351 0.000010
0.825269 0.000010 0.174721
0.999980 0.000010 0.000010
0.999980 0.000010 0.000010
0.999980 0.000010 0.000010
0.759273 0.240717 0.000010
0.858050 0.141940 0.000010
0.795090 0.000010 0.204900
0.915958 0.000010 0.084032
0.930486 0.000010 0.069504
0.999980 0.000010 0.000010
0.950989 0.049001 0.000010
0.999980 0.000010 0.000010
0.999980 0.000010 0.000010
0.843191 0.000010 0.156799
0.867480 0.000010 0.132510
0.837911 0.000010 0.162079
0.783718 0.216272 0.000010
0.999980 0.000010 0.000010
0.619917 0.380073 0.000010
0.717272 0.282718 0.000010
0.999980 0.000010 0.000010
0.860391 0.000010 0.139599
0.873179 0.126811 0.000010
0.912277 0.000010 0.087713
0.879801 0.120189 0.000010
0.885644 0.044631 0.069724
0.878242 0.121748 0.000010
0.900087 0.086738 0.013175
0.999980 0.000010 0.000010
0.954990 0.045000 0.000010
0.970606 0.000010 0.029384
0.999980 0.000010 0.000010
0.740999 0.000010 0.258991
0.951543 0.048447 0.000010
0.999980 0.000010 0.000010
0.716920 0.283070 0.000010
0.942394 0.000010 0.057596
0.910303 0.089687 0.000010
0.753489 0.000010 0.246501
0.999980 0.000010 0.000010
0.999980 0.000010 0.000010
0.829302 0.170688 0.000010
0.000010 0.999980 0.000010
0.041995 0.000010 0.957995
0.085909 0.148860 0.765231
0.000010 0.000010 0.999980
0.000010 0.000010 0.999980
0.000010 0.000010 0.999980
0.000010 0.278142 0.721848
0.126753 0.550072 0.323175
0.000010 0.524664 0.475326
0.111559 0.532360 0.356082
0.000010 0.349121 0.650869
0.000010 0.999980 0.000010
0.000010 0.496074 0.503916
0.000471 0.644737 0.354792
0.000010 0.999980 0.000010
0.000010 0.999980 0.000010
0.000010 0.999980 0.000010
0.000010 0.000010 0.999980
0.000010 0.449755 0.550235
0.000010 0.000010 0.999980
0.000010 0.000010 0.999980
0.121054 0.000010 0.878936
0.148441 0.547308 0.304250
0.166050 0.710127 0.123823
0.000010 0.255956 0.744034
0.000010 0.864393 0.135597
0.069665 0.236730 0.693605
0.168655 0.381811 0.449534
0.000010 0.999980 0.000010
0.000010 0.000010 0.999980
0.032478 0.282781 0.684741
0.128650 0.180041 0.691308
0.063413 0.500985 0.435602
0.132901 0.617039 0.250059
0.001196 0.998794 0.000010
0.237155 0.000010 0.762835
0.000010 0.151085 0.848905
0.000010 0.557938 0.442052
0.308011 0.286314 0.405675
0.000010 0.000010 0.999980
0.000010 0.000010 0.999980
0.327056 0.233005 0.439939
0.000010 0.000010 0.999980
0.114641 0.439572 0.445787
0.209808 0.375431 0.414761
0.188884 0.406314 0.404802
