0.000010 0.000010 0.354874 0.645106
0.072470 0.927510 0.000010 0.000010
0.057580 0.322210 0.000010 0.620200
0.000010 0.999970 0.000010 0.000010
0.000010 0.668313 0.000010 0.331667
0.000010 0.625045 0.374935 0.000010
0.021416 0.635102 0.000010 0.343472
0.000010 0.424114 0.449349 0.126527
0.000010 0.431919 0.228325 0.339747
0.000010 0.000010 0.000010 0.999970
0.000010 0.535468 0.183852 0.280669
0.000010 0.000010 0.294958 0.705022
0.000010 0.353012 0.646968 0.000010
0.000010 0.000010 0.578606 0.421374
0.000010 0.999967 0.000013 0.000010
0.000010 0.000010 0.000010 0.999970
0.006026 0.357362 0.353996 0.282616
0.000010 0.000010 0.999970 0.000010
0.000010 0.597775 0.000010 0.402205
0.000010 0.461935 0.090384 0.447671
0.000010 0.999970 0.000010 0.000010
0.000010 0.999970 0.000010 0.000010
0.000010 0.011743 0.470498 0.517749
0.000010 0.000010 0.000010 0.999970
0.000010 0.331862 0.668118 0.000010
0.000010 0.000010 0.000010 0.999970
0.000010 0.109436 0.890544 0.000010
0.000010 0.000010 0.999970 0.000010
0.000010 0.603053 0.187725 0.209212
0.059740 0.483162 0.185548 0.271550
0.000010 0.000010 0.213134 0.786846
0.000010 0.000010 0.000010 0.999970
0.058626 0.000010 0.000010 0.941354
0.000010 0.427316 0.276927 0.295746
0.000010 0.085204 0.269890 0.644895
0.000010 0.000010 0.229489 0.770491
0.000010 0.231282 0.151921 0.616787
0.044417 0.000010 0.280017 0.675556
0.000010 0.999970 0.000010 0.000010
0.000010 0.000010 0.000010 0.999970
0.090271 0.443117 0.000010 0.466602
0.000010 0.000010 0.492224 0.507756
0.000010 0.593622 0.000010 0.406358
0.111370 0.296988 0.370981 0.220661
0.000010 0.897893 0.102087 0.000010
0.000010 0.000010 0.000010 0.999970
0.000010 0.819445 0.180535 0.000010
0.000010 0.999970 0.000010 0.000010
0.000010 0.000010 0.413264 0.586716
0.000010 0.000010 0.479459 0.520521
0.795406 0.000010 0.204574 0.000010
0.630455 0.369525 0.000010 0.000010
0.703720 0.162503 0.133767 0.000010
0.977977 0.000010 0.022003 0.000010
0.818523 0.000010 0.000010 0.181457
0.762837 0.237143 0.000010 0.000010
0.906248 0.000010 0.000010 0.093732
0.603839 0.000010 0.285847 0.110303
0.842925 0.000010 0.157055 0.000010
0.624993 0.000010 0.374987 0.000010
0.854505 0.000010 0.000010 0.145475
0.837104 0.000010 0.000010 0.162876
0.779579 0.000010 0.100113 0.120298
0.767644 0.085551 0.146796 0.000010
0.620353 0.000010 0.379627 0.000010
0.633362 0.000010 0.366618 0.000010
0.690630 0.000010 0.000010 0.309350
0.788990 0.112192 0.098808 0.000010
0.749939 0.100854 0.000010 0.149197
0.808732 0.000010 0.000010 0.191248
0.999970 0.000010 0.000010 0.000010
0.658684 0.171887 0.000010 0.169418
0.555595 0.065802 0.378593 0.000010
0.502565 0.305738 0.191686 0.000010
0.898432 0.000010 0.000010 0.101548
0.491607 0.000010 0.508373 0.000010
0.758083 0.000010 0.158944 0.082963
0.652957 0.000010 0.347023 0.000010
0.698859 0.000010 0.301121 0.000010
0.705416 0.000010 0.294564 0.000010
0.686145 0.000010 0.000010 0.313835
0.680964 0.130592 0.188435 0.000010
0.728596 0.000010 0.040419 0.230975
0.646565 0.148658 0.204768 0.000010
0.451130 0.000010 0.548850 0.000010
0.524683 0.350468 0.124838 0.000010
0.721821 0.047500 0.000010 0.230669
0.829666 0.000010 0.170314 0.000010
0.500285 0.000010 0.115387 0.384317
0.726521 0.197305 0.000010 0.076164
0.649600 0.000010 0.350380 0.000010
0.528181 0.471799 0.000010 0.000010
0.806733 0.000010 0.000010 0.193247
0.663329 0.043654 0.033550 0.259467
0.625409 0.161092 0.000010 0.213489
0.648255 0.007898 0.105666 0.238180
