0.435682 0.000010 0.000010 0.564298
0.000010 0.000010 0.117530 0.882450
0.652627 0.142447 0.000010 0.204915
0.000010 0.000010 0.000010 0.999970
0.347274 0.000010 0.044390 0.608326
0.092932 0.029437 0.112820 0.764811
0.536827 0.126096 0.000010 0.337067
0.379697 0.000010 0.000010 0.620283
0.475310 0.102057 0.000010 0.422623
0.000010 0.000010 0.000010 0.999970
0.000010 0.000010 0.000010 0.999970
0.165839 0.000010 0.000010 0.834141
0.372725 0.000010 0.227718 0.399547
0.942702 0.000010 0.057278 0.000010
0.000010 0.000010 0.140339 0.859641
0.699422 0.086110 0.000010 0.214458
0.999970 0.000010 0.000010 0.000010
0.999970 0.000010 0.000010 0.000010
0.000010 0.000010 0.000010 0.999970
0.135177 0.000010 0.000010 0.864803
0.000010 0.000010 0.000010 0.999970
0.500998 0.085184 0.000010 0.413808
0.392508 0.118516 0.000010 0.488966
0.603719 0.122623 0.000010 0.273648
0.877632 0.000010 0.122348 0.000010
0.000010 0.000010 0.000010 0.999970
0.325729 0.000010 0.357064 0.317196
0.978650 0.000010 0.021330 0.000010
0.533985 0.000010 0.000010 0.465995
0.571771 0.000010 0.126514 0.301705
0.420450 0.000010 0.107215 0.472325
0.268564 0.066779 0.000010 0.664646
0.417058 0.000010 0.069191 0.513741
0.472294 0.000010 0.090124 0.437572
0.891959 0.000010 0.108021 0.000010
0.447439 0.154672 0.000010 0.397879
0.999970 0.000010 0.000010 0.000010
0.999970 0.000010 0.000010 0.000010
0.999970 0.000010 0.000010 0.000010
0.371755 0.000010 0.000010 0.628225
0.377434 0.222375 0.000010 0.400181
0.499385 0.000010 0.000010 0.500595
0.749260 0.000010 0.000010 0.250720
0.000010 0.000010 0.280640 0.719340
0.999970 0.000010 0.000010 0.000010
0.430897 0.000010 0.070549 0.498544
0.224628 0.166040 0.000010 0.609322
0.000010 0.000010 0.000010 0.999970
0.359908 0.000010 0.000010 0.640072
0.615940 0.117657 0.000010 0.266392
0.000010 0.487531 0.512449 0.000010
0.000010 0.457829 0.381531 0.160630
0.231802 0.768178 0.000010 0.000010
0.000010 0.999970 0.000010 0.000010
0.127020 0.872960 0.000010 0.000010
0.000010 0.642534 0.317783 0.039673
0.000010 0.779607 0.220373 0.000010
0.189434 0.463446 0.347111 0.000010
0.000010 0.446492 0.553488 0.000010
0.199751 0.161040 0.639199 0.000010
0.000010 0.999970 0.000010 0.000010
0.000010 0.000010 0.999970 0.000010
0.000010 0.999970 0.000010 0.000010
0.081191 0.647324 0.271476 0.000010
0.000010 0.000010 0.999970 0.000010
0.000010 0.000010 0.999970 0.000010
0.000010 0.000010 0.799633 0.200347
0.000010 0.999970 0.000010 0.000010
0.000010 0.593387 0.249957 0.156645
0.000010 0.999970 0.000010 0.000010
0.000010 0.999970 0.000010 0.000010
0.000010 0.800261 0.000010 0.199719
0.000010 0.000010 0.764958 0.235022
0.000010 0.000010 0.794118 0.205862
0.000010 0.672936 0.327044 0.000010
0.000010 0.000010 0.999970 0.000010
0.131880 0.614073 0.254037 0.000010
0.253940 0.387864 0.358185 0.000010
0.000010 0.000010 0.999970 0.000010
0.000010 0.814362 0.185618 0.000010
0.000010 0.390472 0.390639 0.218879
0.000010 0.357536 0.437990 0.204463
0.000010 0.347577 0.515466 0.136947
0.000010 0.000010 0.818462 0.181518
0.062612 0.000010 0.937368 0.000010
0.332005 0.438871 0.229115 0.000010
0.000010 0.759541 0.141186 0.099263
0.000010 0.999970 0.000010 0.000010
0.350482 0.377755 0.271753 0.000010
0.153789 0.846191 0.000010 0.000010
0.195454 0.804526 0.000010 0.000010
0.000010 0.341338 0.239598 0.419054
0.000010 0.752734 0.188251 0.059005
0.000010 0.315404 0.482313 0.202272
0.092018 0.756332 0.000010 0.151641
0.244583 0.579239 0.176168 0.000010
