0.000010 0.000010 0.000010 0.999960 0.000010
0.094110 0.094785 0.000010 0.799908 0.011187
0.084674 0.915296 0.000010 0.000010 0.000010
0.000010 0.000010 0.000010 0.999960 0.000010
0.000010 0.311356 0.000010 0.688614 0.000010
0.000010 0.236273 0.461769 0.171824 0.130124
0.052338 0.663344 0.284297 0.000010 0.000010
0.000010 0.379725 0.000010 0.620245 0.000010
0.046566 0.138450 0.316774 0.498200 0.000010
0.000010 0.231407 0.000010 0.768563 0.000010
0.000010 0.171868 0.828102 0.000010 0.000010
0.000010 0.000010 0.614389 0.385581 0.000010
0.000010 0.000010 0.000010 0.999960 0.000010
0.000010 0.000010 0.710754 0.289216 0.000010
0.000010 0.776369 0.000010 0.000010 0.223601
0.000010 0.366919 0.588475 0.000010 0.044586
0.000010 0.486225 0.000010 0.513745 0.000010
0.000010 0.000010 0.000010 0.999960 0.000010
0.000010 0.482525 0.402404 0.115050 0.000010
0.000010 0.300861 0.374711 0.324409 0.000010
0.000010 0.999960 0.000010 0.000010 0.000010
0.000010 0.344971 0.000010 0.654999 0.000010
0.000010 0.000019 0.999951 0.000010 0.000010
0.000010 0.378645 0.621325 0.000010 0.000010
0.000010 0.342465 0.657505 0.000010 0.000010
0.000010 0.000010 0.999960 0.000010 0.000010
0.000010 0.000010 0.000010 0.999960 0.000010
0.000010 0.000010 0.000010 0.999960 0.000010
0.000010 0.000010 0.000010 0.999960 0.000010
0.000010 0.437678 0.000010 0.476565 0.085737
0.000010 0.000010 0.920953 0.000010 0.079017
0.000010 0.598873 0.401097 0.000010 0.000010
0.000010 0.000010 0.156757 0.843213 0.000010
0.046642 0.357449 0.137201 0.458697 0.000010
0.069259 0.403381 0.527339 0.000010 0.000010
0.000010 0.000010 0.999960 0.000010 0.000010
0.000010 0.690273 0.309697 0.000010 0.000010
0.000010 0.660407 0.339563 0.000010 0.000010
0.000010 0.999960 0.000010 0.000010 0.000010
0.000010 0.000010 0.999960 0.000010 0.000010
0.150819 0.378345 0.162688 0.308138 0.000010
0.000010 0.000010 0.558250 0.441720 0.000010
0.000010 0.681028 0.000010 0.318942 0.000010
0.215034 0.000010 0.069108 0.715837 0.000010
0.000010 0.704697 0.000010 0.295273 0.000010
0.000010 0.000010 0.999960 0.000010 0.000010
0.000010 0.999960 0.000010 0.000010 0.000010
0.000010 0.000010 0.000010 0.999960 0.000010
0.000010 0.000010 0.552930 0.447040 0.000010
0.000010 0.447310 0.453455 0.013673 0.085553
0.999960 0.000010 0.000010 0.000010 0.000010
0.389488 0.289704 0.000010 0.000010 0.320787
0.502715 0.229636 0.000010 0.000010 0.267629
0.999960 0.000010 0.000010 0.000010 0.000010
0.831756 0.168214 0.000010 0.000010 0.000010
0.531710 0.189477 0.000010 0.000010 0.278793
0.999960 0.000010 0.000010 0.000010 0.000010
0.339705 0.192983 0.089492 0.000010 0.377810
0.000010 0.000010 0.000010 0.000010 0.999960
0.000010 0.154478 0.000010 0.000010 0.845492
0.766405 0.000010 0.055101 0.000010 0.178474
0.999960 0.000010 0.000010 0.000010 0.000010
0.000010 0.000010 0.000010 0.000010 0.999960
0.380290 0.094552 0.000010 0.000010 0.525138
0.000010 0.000010 0.000010 0.000010 0.999960
0.208266 0.000010 0.000010 0.000010 0.791704
0.099706 0.000010 0.202272 0.000010 0.698002
0.865279 0.134691 0.000010 0.000010 0.000010
0.583980 0.000010 0.000010 0.160469 0.255531
0.753664 0.140783 0.000010 0.000010 0.105533
0.999960 0.000010 0.000010 0.000010 0.000010
0.703845 0.296125 0.000010 0.000010 0.000010
0.665517 0.000010 0.334453 0.000010 0.000010
0.000010 0.266458 0.000010 0.000010 0.733512
0.999960 0.000010 0.000010 0.000010 0.000010
0.000010 0.000010 0.000010 0.000010 0.999960
0.885715 0.000010 0.114255 0.000010 0.000010
0.735696 0.000010 0.127339 0.136946 0.000010
0.561668 0.000010 0.000010 0.176632 0.261681
0.509808 0.000010 0.011591 0.124644 0.353947
0.000010 0.000010 0.282456 0.000010 0.717514
0.308319 0.139280 0.085974 0.000010 0.466417
0.401107 0.000010 0.051068 0.122420 0.425395
0.316637 0.275380 0.000010 0.000010 0.407963
0.142621 0.054489 0.000010 0.196166 0.606713
0.334130 0.436749 0.000010 0.000010 0.229101
0.474233 0.000010 0.176288 0.000010 0.349459
0.000010 0.000010 0.000010 0.000010 0.999960
0.253801 0.276468 0.125010 0.000010 0.344711
0.577231 0.103444 0.000010 0.089833 0.229483
0.423231 0.000010 0.186897 0.000010 0.389853
0.335476 0.212949 0.000010 0.180720 0.270845
0.434653 0.016016 0.072490 0.000010 0.476831
0.782873 0.000010 0.189650 0.027457 0.000010
0.489756 0.259718 0.041739 0.000010 0.208776
0.644226 0.231173 0.000010 0.000010 0.124581
