0.119491 0.438436 0.442053 0.000010 0.000010
0.000010 0.000010 0.714511 0.285459 0.000010
0.126421 0.000010 0.873549 0.000010 0.000010
0.000010 0.000010 0.999960 0.000010 0.000010
0.004036 0.298310 0.626518 0.071126 0.000010
0.000010 0.546300 0.303272 0.000010 0.150408
0.147485 0.247873 0.604622 0.000010 0.000010
0.000010 0.666593 0.324556 0.000010 0.008831
0.000010 0.603759 0.311564 0.014518 0.070149
0.000010 0.000010 0.999960 0.000010 0.000010
0.000010 0.999960 0.000010 0.000010 0.000010
0.000010 0.727068 0.272902 0.000010 0.000010
0.089183 0.652827 0.113765 0.000010 0.144215
0.000010 0.999960 0.000010 0.000010 0.000010
0.000010 0.185742 0.463079 0.000010 0.351159
0.118644 0.291017 0.590319 0.000010 0.000010
0.085089 0.000010 0.914881 0.000010 0.000010
0.000010 0.999960 0.000010 0.000010 0.000010
0.000010 0.647507 0.352463 0.000010 0.000010
0.000010 0.609408 0.390562 0.000010 0.000010
0.000010 0.000010 0.999960 0.000010 0.000010
0.253476 0.192158 0.554346 0.000010 0.000010
0.000010 0.745859 0.000010 0.000010 0.254111
0.186252 0.251220 0.562508 0.000010 0.000010
0.000010 0.452623 0.350138 0.197218 0.000010
0.000010 0.000010 0.940248 0.000010 0.059722
0.000010 0.893997 0.000010 0.000010 0.105973
0.000010 0.509717 0.362019 0.000010 0.128244
0.022942 0.570065 0.406974 0.000010 0.000010
0.000010 0.296013 0.555126 0.028690 0.120162
0.000010 0.575898 0.261825 0.000010 0.162257
0.096748 0.000010 0.903222 0.000010 0.000010
0.214962 0.000010 0.785008 0.000010 0.000010
0.022156 0.692902 0.214416 0.000010 0.070516
0.000010 0.997246 0.000010 0.000010 0.002724
0.000010 0.855345 0.067427 0.077208 0.000010
0.000010 0.738125 0.261845 0.000010 0.000010
0.000010 0.000010 0.946548 0.053422 0.000010
0.006465 0.000010 0.993505 0.000010 0.000010
0.121130 0.878840 0.000010 0.000010 0.000010
0.170411 0.146226 0.659747 0.023605 0.000010
0.000010 0.999960 0.000010 0.000010 0.000010
0.000010 0.000010 0.999960 0.000010 0.000010
0.000010 0.300936 0.372262 0.326782 0.000010
0.000010 0.000010 0.999960 0.000010 0.000010
0.000010 0.926820 0.000010 0.073150 0.000010
0.311723 0.688247 0.000010 0.000010 0.000010
0.000010 0.592079 0.407891 0.000010 0.000010
0.000010 0.999960 0.000010 0.000010 0.000010
0.000010 0.767438 0.072444 0.000010 0.160098
0.000010 0.000010 0.000010 0.999960 0.000010
0.000010 0.000010 0.178583 0.345893 0.475503
0.730417 0.000010 0.029757 0.053389 0.186427
0.000010 0.000010 0.000010 0.999960 0.000010
0.999960 0.000010 0.000010 0.000010 0.000010
0.354477 0.000010 0.098890 0.298927 0.247696
0.324723 0.000010 0.000010 0.675247 0.000010
0.000010 0.196450 0.040241 0.438141 0.325158
0.000010 0.000010 0.000010 0.249405 0.750565
0.079439 0.000010 0.116850 0.000010 0.803691
0.000010 0.000010 0.000010 0.999960 0.000010
0.999960 0.000010 0.000010 0.000010 0.000010
0.613631 0.000010 0.000010 0.000010 0.386339
0.408451 0.000010 0.000010 0.264137 0.327392
0.000010 0.000010 0.000010 0.000010 0.999960
0.000010 0.000010 0.000010 0.999960 0.000010
0.000010 0.000010 0.190418 0.333349 0.476213
0.638466 0.000010 0.000010 0.361504 0.000010
0.000010 0.000010 0.063600 0.759486 0.176894
0.999960 0.000010 0.000010 0.000010 0.000010
0.488603 0.000010 0.000010 0.511367 0.000010
0.999960 0.000010 0.000010 0.000010 0.000010
0.000010 0.095705 0.091823 0.716573 0.095889
0.000010 0.000010 0.221014 0.000010 0.778956
0.000010 0.000010 0.000010 0.999960 0.000010
0.000010 0.000010 0.000010 0.000010 0.999960
0.000010 0.215104 0.000010 0.784866 0.000010
0.000010 0.296400 0.000010 0.703570 0.000010
0.000010 0.126900 0.000010 0.699024 0.174057
0.158877 0.110117 0.000010 0.319871 0.411125
0.536444 0.022353 0.000010 0.000010 0.441183
0.000010 0.000010 0.112849 0.220366 0.666765
0.574141 0.020815 0.000010 0.000010 0.405025
0.529934 0.065285 0.000010 0.000010 0.404761
0.000010 0.133145 0.000010 0.430378 0.436457
0.363596 0.095863 0.133043 0.000010 0.407488
0.418127 0.090804 0.000010 0.000010 0.491048
0.000010 0.000010 0.000010 0.000010 0.999960
0.243725 0.000010 0.326534 0.000010 0.429722
0.535759 0.000010 0.097287 0.227533 0.139412
0.281379 0.170047 0.000010 0.000010 0.548553
0.219053 0.000010 0.320182 0.092909 0.367846
0.498826 0.000010 0.000010 0.125053 0.376101
0.000010 0.000010 0.151238 0.848732 0.000010
0.461957 0.082507 0.123316 0.196215 0.136005
0.146178 0.000010 0.232796 0.499988 0.121029
