0.000010 0.479747 0.326180 0.000010 0.194054
0.043669 0.348956 0.000010 0.195021 0.412343
0.052791 0.596621 0.041836 0.000010 0.308741
0.000010 0.999960 0.000010 0.000010 0.000010
0.000010 0.999960 0.000010 0.000010 0.000010
0.035277 0.594126 0.000010 0.232252 0.138335
0.000010 0.999960 0.000010 0.000010 0.000010
0.000010 0.384311 0.173683 0.263484 0.178512
0.000010 0.383244 0.000010 0.000010 0.616726
0.000010 0.544959 0.000010 0.455011 0.000010
0.000010 0.227236 0.000010 0.772734 0.000010
0.000010 0.471528 0.000010 0.528442 0.000010
0.000010 0.000010 0.999960 0.000010 0.000010
0.000010 0.000010 0.000010 0.000010 0.999960
0.000010 0.000010 0.000010 0.999960 0.000010
0.000010 0.851609 0.000010 0.148361 0.000010
0.000010 0.543148 0.456822 0.000010 0.000010
0.000010 0.000010 0.377669 0.000010 0.622301
0.000010 0.701795 0.000010 0.298175 0.000010
0.000010 0.000010 0.000010 0.999960 0.000010
0.000010 0.840609 0.159361 0.000010 0.000010
0.000010 0.035134 0.592784 0.372062 0.000010
0.000010 0.000010 0.000010 0.999960 0.000010
0.000010 0.307195 0.000010 0.060676 0.632109
0.000010 0.000010 0.999960 0.000010 0.000010
0.000010 0.999960 0.000010 0.000010 0.000010
0.000010 0.000010 0.571182 0.000010 0.428788
0.000010 0.000010 0.999960 0.000010 0.000010
0.000010 0.330538 0.204648 0.000010 0.464794
0.058700 0.319978 0.151192 0.171334 0.298796
0.000010 0.000010 0.000010 0.999960 0.000010
0.000010 0.000010 0.000010 0.999960 0.000010
0.000010 0.000010 0.000010 0.000010 0.999960
0.000010 0.304542 0.104366 0.215954 0.375129
0.007796 0.513691 0.068226 0.000010 0.410277
0.000010 0.000010 0.270264 0.729706 0.000010
0.000010 0.999960 0.000010 0.000010 0.000010
0.000010 0.000010 0.541455 0.000010 0.458515
0.000010 0.281578 0.718392 0.000010 0.000010
0.000010 0.221236 0.000010 0.000010 0.778734
0.059773 0.505563 0.000010 0.183746 0.250908
0.000010 0.569238 0.266263 0.164479 0.000010
0.000010 0.999960 0.000010 0.000010 0.000010
0.016983 0.000010 0.422715 0.000010 0.560282
0.000010 0.000010 0.999960 0.000010 0.000010
0.000010 0.000010 0.000010 0.294640 0.705330
0.000010 0.106007 0.252302 0.473015 0.168666
0.000010 0.000010 0.000010 0.000010 0.999960
0.000010 0.000010 0.252132 0.339671 0.408178
0.000010 0.328934 0.489147 0.181899 0.000010
0.813606 0.000010 0.075345 0.000010 0.111030
0.631672 0.368298 0.000010 0.000010 0.000010
0.622856 0.000010 0.218309 0.158815 0.000010
0.812358 0.000010 0.000010 0.000010 0.187612
0.729749 0.158134 0.000010 0.039710 0.072398
0.661224 0.022249 0.192425 0.124092 0.000010
0.713965 0.000010 0.000010 0.000010 0.286005
0.554365 0.128952 0.316664 0.000010 0.000010
0.990623 0.000112 0.000010 0.009245 0.000010
0.526665 0.000010 0.473305 0.000010 0.000010
0.741420 0.000010 0.000010 0.000010 0.258550
0.699654 0.000010 0.000010 0.000010 0.300316
0.749373 0.182506 0.000010 0.068101 0.000010
0.763316 0.156053 0.080611 0.000010 0.000010
0.691158 0.000010 0.000010 0.308812 0.000010
0.603036 0.000010 0.396934 0.000010 0.000010
0.639761 0.360209 0.000010 0.000010 0.000010
0.605541 0.000010 0.001465 0.392975 0.000010
0.673072 0.076085 0.000010 0.064752 0.186081
0.732723 0.061086 0.000010 0.169956 0.036225
0.749248 0.000010 0.000010 0.000010 0.250722
0.522616 0.000010 0.000010 0.457780 0.019584
0.432549 0.000010 0.000010 0.190754 0.376677
0.466030 0.000010 0.185880 0.348069 0.000010
0.767365 0.232605 0.000010 0.000010 0.000010
0.494505 0.000010 0.255974 0.249501 0.000010
0.657344 0.328429 0.014207 0.000010 0.000010
0.588485 0.000010 0.000010 0.000010 0.411485
0.527953 0.000010 0.235391 0.000010 0.236636
0.621519 0.000010 0.000010 0.378451 0.000010
0.429454 0.000010 0.000010 0.570516 0.000010
0.620033 0.000010 0.128153 0.251794 0.000010
0.618307 0.262109 0.000010 0.000010 0.119564
0.558197 0.054781 0.387002 0.000010 0.000010
0.487410 0.000010 0.512560 0.000010 0.000010
0.429362 0.207340 0.325527 0.037762 0.000010
0.654410 0.000010 0.000010 0.266673 0.078897
0.627294 0.000010 0.000010 0.372676 0.000010
0.479417 0.488180 0.032383 0.000010 0.000010
0.601604 0.117410 0.000010 0.280966 0.000010
0.553387 0.000010 0.019556 0.427036 0.000010
0.425235 0.174979 0.000010 0.399766 0.000010
0.715999 0.065690 0.000010 0.218290 0.000010
0.522489 0.000018 0.000010 0.000010 0.477472
0.521036 0.238517 0.160736 0.079701 0.000010
0.614570 0.000010 0.127718 0.167575 0.090128
