0.133106 0.866864 0.000010 0.000010 0.000010
0.000010 0.289851 0.549020 0.000010 0.161109
0.000010 0.162616 0.734250 0.103114 0.000010
0.000010 0.999960 0.000010 0.000010 0.000010
0.000010 0.587878 0.348746 0.063357 0.000010
0.213386 0.000010 0.786584 0.000010 0.000010
0.000010 0.000010 0.999960 0.000010 0.000010
0.403819 0.281059 0.315102 0.000010 0.000010
0.018700 0.000010 0.981270 0.000010 0.000010
0.000010 0.999960 0.000010 0.000010 0.000010
0.177603 0.585429 0.236948 0.000010 0.000010
0.124009 0.875961 0.000010 0.000010 0.000010
0.600529 0.287524 0.000010 0.111928 0.000010
0.502976 0.496994 0.000010 0.000010 0.000010
0.000010 0.000010 0.869388 0.000010 0.130582
0.000010 0.400605 0.591104 0.000010 0.008271
0.123166 0.383857 0.428143 0.064825 0.000010
0.999960 0.000010 0.000010 0.000010 0.000010
0.000010 0.459158 0.540812 0.000010 0.000010
0.161991 0.837979 0.000010 0.000010 0.000010
0.000010 0.000010 0.999960 0.000010 0.000010
0.000010 0.832314 0.000010 0.167656 0.000010
0.378278 0.307577 0.246564 0.067571 0.000010
0.000010 0.000010 0.999960 0.000010 0.000010
0.496981 0.000010 0.502989 0.000010 0.000010
0.000010 0.999960 0.000010 0.000010 0.000010
0.848714 0.151256 0.000010 0.000010 0.000010
0.999960 0.000010 0.000010 0.000010 0.000010
0.000010 0.999960 0.000010 0.000010 0.000010
0.220810 0.000010 0.713370 0.065800 0.000010
0.298661 0.701309 0.000010 0.000010 0.000010
0.000010 0.000010 0.999960 0.000010 0.000010
0.000010 0.999960 0.000010 0.000010 0.000010
0.278095 0.176276 0.472088 0.073532 0.000010
0.369433 0.000010 0.630537 0.000010 0.000010
0.060603 0.366506 0.483602 0.000010 0.089279
0.000010 0.000010 0.999960 0.000010 0.000010
0.000010 0.000010 0.999960 0.000010 0.000010
0.000010 0.000010 0.999960 0.000010 0.000010
0.000010 0.561725 0.438245 0.000010 0.000010
0.000010 0.405044 0.437575 0.157361 0.000010
0.526521 0.473449 0.000010 0.000010 0.000010
0.078813 0.511180 0.409987 0.000010 0.000010
0.315101 0.594609 0.000010 0.090271 0.000010
0.098088 0.000010 0.901882 0.000010 0.000010
0.000010 0.999960 0.000010 0.000010 0.000010
0.155106 0.000010 0.844864 0.000010 0.000010
0.000010 0.312978 0.686992 0.000010 0.000010
0.401048 0.564076 0.034856 0.000010 0.000010
0.510223 0.489747 0.000010 0.000010 0.000010
0.073366 0.000010 0.000010 0.000010 0.926604
0.000010 0.000010 0.000010 0.999960 0.000010
0.000010 0.000010 0.164595 0.324404 0.510981
0.000010 0.000010 0.000010 0.417497 0.582473
0.000010 0.000010 0.058456 0.541913 0.399612
0.000010 0.000010 0.000010 0.999960 0.000010
0.000010 0.087387 0.000010 0.238637 0.673956
0.313454 0.000010 0.034115 0.289467 0.362954
0.009307 0.000010 0.000010 0.000010 0.990663
0.269988 0.000010 0.000010 0.474212 0.255779
0.000010 0.245943 0.000010 0.000010 0.754027
0.000010 0.100476 0.000010 0.000010 0.899494
0.000010 0.000010 0.000010 0.000010 0.999960
0.000010 0.000010 0.186828 0.000010 0.813142
0.415087 0.000010 0.000010 0.163063 0.421829
0.294417 0.000010 0.000010 0.000010 0.705553
0.000010 0.265356 0.000010 0.000010 0.734614
0.000010 0.000010 0.000010 0.723178 0.276792
0.000010 0.231642 0.000010 0.080634 0.687704
0.000010 0.000010 0.000010 0.722783 0.277187
0.000010 0.000010 0.000010 0.395728 0.604242
0.000010 0.097827 0.000010 0.902143 0.000010
0.332625 0.000010 0.000010 0.667345 0.000010
0.267613 0.000010 0.206869 0.000010 0.525498
0.000010 0.000010 0.073429 0.000010 0.926541
0.519233 0.000010 0.000010 0.000010 0.480737
0.114912 0.000010 0.000010 0.630519 0.254549
0.308174 0.000010 0.000010 0.356199 0.335607
0.283685 0.000010 0.000010 0.480363 0.235932
0.228897 0.000010 0.000010 0.527882 0.243201
0.000010 0.213659 0.000010 0.409732 0.376590
0.000010 0.000010 0.000010 0.999960 0.000010
0.088893 0.030282 0.000010 0.556033 0.324783
0.272696 0.000010 0.000010 0.727274 0.000010
0.576009 0.000010 0.000010 0.000010 0.423961
0.133530 0.000010 0.160435 0.706014 0.000010
0.000010 0.172667 0.000010 0.380354 0.446958
0.125392 0.000010 0.000010 0.000010 0.874578
0.126837 0.000010 0.249876 0.370711 0.252565
0.000010 0.000010 0.000010 0.999960 0.000010
0.218298 0.000010 0.000010 0.781672 0.000010
0.000010 0.254238 0.220004 0.000010 0.525737
0.000010 0.000010 0.000010 0.820371 0.179599
0.000010 0.240578 0.000010 0.317230 0.442172
0.000010 0.393827 0.000010 0.000010 0.606143
0.081712 0.268649 0.000010 0.121860 0.527769
