0.000010 0.000010 0.999970 0.000010
0.000010 0.084014 0.616059 0.299917
0.935686 0.064294 0.000010 0.000010
0.000010 0.000010 0.999970 0.000010
0.263738 0.000010 0.547419 0.188833
0.381955 0.032368 0.258035 0.327643
0.999970 0.000010 0.000010 0.000010
0.000010 0.000010 0.000010 0.999970
0.337525 0.000010 0.366629 0.295836
0.999970 0.000010 0.000010 0.000010
0.159656 0.000010 0.000010 0.840324
0.000010 0.000010 0.620438 0.379542
0.000010 0.000010 0.999970 0.000010
0.372090 0.000010 0.287682 0.340218
0.440483 0.000010 0.000010 0.559497
0.999970 0.000010 0.000010 0.000010
0.518693 0.042850 0.438447 0.000010
0.000010 0.000010 0.999970 0.000010
0.539843 0.000010 0.460137 0.000010
0.000010 0.000010 0.314799 0.685181
0.999970 0.000010 0.000010 0.000010
0.289586 0.000010 0.496252 0.214152
0.384430 0.000010 0.000010 0.615550
0.827669 0.000010 0.172311 0.000010
0.604393 0.000010 0.000010 0.395587
0.422924 0.000010 0.463077 0.113989
0.000010 0.000010 0.359429 0.640551
0.000010 0.000010 0.678116 0.321864
0.000010 0.000010 0.999970 0.000010
0.463054 0.071800 0.421201 0.043946
0.000010 0.000010 0.000010 0.999970
0.796126 0.000010 0.000010 0.203854
0.000010 0.000010 0.999970 0.000010
0.146162 0.000010 0.452962 0.400866
0.841822 0.060939 0.000010 0.097228
0.477106 0.000010 0.000010 0.522874
0.999970 0.000010 0.000010 0.000010
0.999970 0.000010 0.000010 0.000010
0.999970 0.000010 0.000010 0.000010
0.402196 0.000010 0.597784 0.000010
0.539020 0.118935 0.342035 0.000010
0.000010 0.000010 0.000010 0.999970
0.865742 0.000010 0.134238 0.000010
0.000010 0.193934 0.806046 0.000010
0.731667 0.000010 0.268313 0.000010
0.439633 0.039024 0.425974 0.095369
0.000010 0.000010 0.000010 0.999970
0.000010 0.000010 0.999970 0.000010
0.215369 0.000010 0.784611 0.000010
0.477300 0.000010 0.000010 0.522680
0.000010 0.999970 0.000010 0.000010
0.268305 0.731675 0.000010 0.000010
0.022746 0.726232 0.000010 0.251012
0.000010 0.999970 0.000010 0.000010
0.154233 0.845747 0.000010 0.000010
0.215189 0.784791 0.000010 0.000010
0.000010 0.907552 0.092428 0.000010
0.186793 0.616010 0.000010 0.197187
0.000010 0.999970 0.000010 0.000010
0.264245 0.735735 0.000010 0.000010
0.050352 0.949628 0.000010 0.000010
0.000010 0.811090 0.188890 0.000010
0.000010 0.792058 0.000010 0.207922
0.000010 0.840819 0.159161 0.000010
0.000010 0.680954 0.000010 0.319026
0.000010 0.809822 0.190158 0.000010
0.000010 0.698401 0.301579 0.000010
0.000010 0.701062 0.000010 0.298918
0.000010 0.799178 0.200802 0.000010
0.181036 0.816159 0.000010 0.002796
0.000010 0.999970 0.000010 0.000010
0.000010 0.670496 0.000010 0.329484
0.000010 0.477673 0.000010 0.522307
0.076084 0.507374 0.000010 0.416532
0.069395 0.930585 0.000010 0.000010
0.000010 0.480335 0.000010 0.519645
0.175655 0.824325 0.000010 0.000010
0.189886 0.714966 0.095138 0.000010
0.021607 0.753527 0.224856 0.000010
0.000010 0.764968 0.000010 0.235012
0.000010 0.563311 0.000010 0.436669
0.000010 0.695718 0.000010 0.304262
0.146977 0.722165 0.130848 0.000010
0.000010 0.692176 0.000010 0.307804
0.000010 0.662038 0.000010 0.337942
0.240558 0.543229 0.000010 0.216203
0.216014 0.783966 0.000010 0.000010
0.000010 0.568237 0.000010 0.431743
0.495008 0.504972 0.000010 0.000010
0.000010 0.683914 0.000010 0.316066
0.094180 0.712504 0.000010 0.193306
0.000010 0.443688 0.000010 0.556292
0.064722 0.801861 0.000010 0.133407
0.000010 0.684172 0.315808 0.000010
0.238509 0.617812 0.000010 0.143669
0.282313 0.707078 0.000010 0.010599
