0.724779 0.000010 0.275201 0.000010
0.627527 0.021404 0.351059 0.000010
0.000010 0.086473 0.688477 0.225040
0.275539 0.000010 0.724441 0.000010
0.417927 0.000010 0.582053 0.000010
0.000010 0.000010 0.126329 0.873651
0.000010 0.000010 0.999970 0.000010
0.628470 0.000010 0.371510 0.000010
0.171227 0.015859 0.388062 0.424852
0.000010 0.000010 0.999970 0.000010
0.217818 0.000010 0.190877 0.591294
0.096983 0.000010 0.330519 0.572488
0.999970 0.000010 0.000010 0.000010
0.000010 0.000010 0.000010 0.999970
0.014034 0.108645 0.877311 0.000010
0.000010 0.000010 0.000010 0.999970
0.573177 0.000010 0.000010 0.426803
0.999970 0.000010 0.000010 0.000010
0.000010 0.000010 0.713285 0.286695
0.208892 0.000010 0.791088 0.000010
0.000010 0.000010 0.529311 0.470669
0.597694 0.000010 0.402286 0.000010
0.047181 0.000010 0.095796 0.857013
0.000010 0.000010 0.000010 0.999970
0.587739 0.000010 0.000010 0.412241
0.000010 0.000010 0.501168 0.498812
0.999970 0.000010 0.000010 0.000010
0.999970 0.000010 0.000010 0.000010
0.491868 0.000010 0.290363 0.217759
0.353678 0.072832 0.376996 0.196494
0.283264 0.042312 0.000010 0.674414
0.000010 0.000010 0.206474 0.793506
0.999970 0.000010 0.000010 0.000010
0.465258 0.000010 0.534722 0.000010
0.000010 0.000010 0.000010 0.999970
0.000010 0.000010 0.000010 0.999970
0.000010 0.000010 0.000010 0.999970
0.000010 0.000010 0.000010 0.999970
0.000010 0.000010 0.999970 0.000010
0.000010 0.000010 0.705300 0.294680
0.000010 0.090878 0.440557 0.468555
0.501098 0.000010 0.498882 0.000010
0.000010 0.000010 0.000010 0.999970
0.732707 0.100952 0.166331 0.000010
0.380016 0.000010 0.000010 0.619964
0.059182 0.030792 0.413632 0.496395
0.000010 0.000010 0.999970 0.000010
0.000010 0.000010 0.428596 0.571384
0.496197 0.000010 0.503783 0.000010
0.273865 0.000010 0.302011 0.424114
0.000010 0.935800 0.000010 0.064180
0.000010 0.739934 0.260046 0.000010
0.000010 0.713425 0.286555 0.000010
0.000010 0.967164 0.000010 0.032816
0.000010 0.848891 0.092945 0.058154
0.000010 0.799636 0.200344 0.000010
0.000010 0.999970 0.000010 0.000010
0.000010 0.669213 0.041923 0.288854
0.000010 0.999970 0.000010 0.000010
0.384506 0.615474 0.000010 0.000010
0.000010 0.868480 0.131500 0.000010
0.000010 0.810598 0.189382 0.000010
0.000010 0.849052 0.000010 0.150928
0.000010 0.818873 0.000010 0.181107
0.257480 0.742500 0.000010 0.000010
0.289691 0.710289 0.000010 0.000010
0.000010 0.697490 0.302490 0.000010
0.000010 0.859278 0.140702 0.000010
0.000010 0.789489 0.210491 0.000010
0.000010 0.778911 0.221069 0.000010
0.000010 0.999970 0.000010 0.000010
0.000010 0.641051 0.358929 0.000010
0.233163 0.666126 0.000010 0.100701
0.169037 0.618531 0.212422 0.000010
0.000010 0.952966 0.000010 0.047014
0.383817 0.616163 0.000010 0.000010
0.000010 0.748270 0.000010 0.251710
0.143140 0.685604 0.000010 0.171246
0.249263 0.694615 0.056113 0.000010
0.000010 0.886849 0.045074 0.068066
0.000010 0.698488 0.301492 0.000010
0.095513 0.723493 0.180984 0.000010
0.000010 0.784871 0.215109 0.000010
0.210970 0.706094 0.082927 0.000010
0.414374 0.585606 0.000010 0.000010
0.220141 0.535348 0.244501 0.000010
0.000010 0.762005 0.000010 0.237975
0.000010 0.993884 0.006096 0.000010
0.000010 0.553943 0.000010 0.446037
0.231693 0.740780 0.027517 0.000010
0.047324 0.779448 0.000010 0.173218
0.101258 0.534290 0.364442 0.000010
0.000010 0.888096 0.098680 0.013213
0.071675 0.716021 0.212294 0.000010
0.000010 0.634736 0.000010 0.365244
0.101208 0.685454 0.213328 0.000010
