0.000010 0.354537 0.645433 0.000010 0.000010
0.000010 0.000010 0.798568 0.000010 0.201402
0.000010 0.561244 0.285275 0.000010 0.153461
0.000010 0.000010 0.999960 0.000010 0.000010
0.000010 0.000010 0.999960 0.000010 0.000010
0.000010 0.084823 0.720179 0.194978 0.000010
0.000010 0.131074 0.697430 0.000010 0.171476
0.009329 0.000010 0.990641 0.000010 0.000010
0.000010 0.294018 0.547619 0.158343 0.000010
0.000010 0.000010 0.999960 0.000010 0.000010
0.013708 0.366984 0.619287 0.000010 0.000010
0.000010 0.722197 0.277773 0.000010 0.000010
0.000010 0.000010 0.719134 0.280836 0.000010
0.000010 0.999960 0.000010 0.000010 0.000010
0.213877 0.000010 0.786093 0.000010 0.000010
0.000010 0.999960 0.000010 0.000010 0.000010
0.051838 0.380038 0.568103 0.000010 0.000010
0.000010 0.291808 0.708162 0.000010 0.000010
0.000010 0.000010 0.999873 0.000010 0.000097
0.000010 0.377134 0.622836 0.000010 0.000010
0.000010 0.000010 0.999960 0.000010 0.000010
0.000010 0.000010 0.915468 0.084502 0.000010
0.000010 0.722230 0.072164 0.205586 0.000010
0.124294 0.875676 0.000010 0.000010 0.000010
0.000010 0.765510 0.000010 0.234460 0.000010
0.000010 0.999960 0.000010 0.000010 0.000010
0.000010 0.000010 0.835002 0.000010 0.164968
0.000010 0.400417 0.599553 0.000010 0.000010
0.000010 0.335659 0.664311 0.000010 0.000010
0.000010 0.098379 0.784836 0.000010 0.116765
0.130667 0.869303 0.000010 0.000010 0.000010
0.000010 0.999960 0.000010 0.000010 0.000010
0.131137 0.868833 0.000010 0.000010 0.000010
0.078871 0.158573 0.726159 0.036387 0.000010
0.000010 0.850999 0.000010 0.148971 0.000010
0.000010 0.999960 0.000010 0.000010 0.000010
0.000010 0.796533 0.203437 0.000010 0.000010
0.000010 0.999960 0.000010 0.000010 0.000010
0.000010 0.000010 0.999960 0.000010 0.000010
0.000010 0.589146 0.410824 0.000010 0.000010
0.056253 0.311850 0.476707 0.155181 0.000010
0.036007 0.540251 0.423722 0.000010 0.000010
0.000010 0.715065 0.200420 0.084495 0.000010
0.000010 0.000010 0.693282 0.297411 0.009287
0.000010 0.263630 0.628664 0.107686 0.000010
0.000010 0.930891 0.000010 0.069079 0.000010
0.240636 0.228514 0.530830 0.000010 0.000010
0.000010 0.000010 0.999960 0.000010 0.000010
0.000010 0.320201 0.679769 0.000010 0.000010
0.148865 0.531216 0.319899 0.000010 0.000010
0.000010 0.000010 0.000010 0.000010 0.999960
0.000010 0.000010 0.000010 0.999960 0.000010
0.638130 0.075558 0.024411 0.000010 0.261891
0.000010 0.000010 0.000010 0.467015 0.532955
0.815695 0.000010 0.000010 0.000010 0.184275
0.000010 0.000010 0.000010 0.999960 0.000010
0.000010 0.000010 0.000010 0.000010 0.999960
0.157854 0.134104 0.000010 0.437890 0.270142
0.000010 0.000010 0.000010 0.525030 0.474940
0.302371 0.000010 0.179327 0.000010 0.518283
0.000010 0.000010 0.000010 0.000010 0.999960
0.000010 0.000010 0.000010 0.000010 0.999960
0.650386 0.000010 0.000010 0.000010 0.349584
0.390694 0.000010 0.028757 0.000010 0.580529
0.999960 0.000010 0.000010 0.000010 0.000010
0.000010 0.000010 0.000010 0.000010 0.999960
0.000010 0.000010 0.053497 0.000010 0.946473
0.337908 0.000010 0.000010 0.662062 0.000010
0.000010 0.000010 0.106896 0.000010 0.893074
0.999960 0.000010 0.000010 0.000010 0.000010
0.000010 0.000010 0.000010 0.000010 0.999960
0.605825 0.000010 0.166981 0.000010 0.227174
0.000010 0.000010 0.000010 0.999960 0.000010
0.210977 0.000010 0.211711 0.577292 0.000010
0.000010 0.000010 0.000010 0.000010 0.999960
0.999960 0.000010 0.000010 0.000010 0.000010
0.000010 0.112104 0.000010 0.501621 0.386254
0.000010 0.000010 0.000010 0.808694 0.191276
0.000010 0.000010 0.000010 0.391121 0.608849
0.291745 0.000010 0.000010 0.411907 0.296327
0.646943 0.087931 0.000010 0.000010 0.265106
0.000010 0.000010 0.000010 0.999960 0.000010
0.611419 0.000010 0.034051 0.110011 0.244508
0.285357 0.000010 0.045461 0.669162 0.000010
0.000010 0.000010 0.000010 0.999960 0.000010
0.640836 0.000010 0.328927 0.000010 0.030217
0.999960 0.000010 0.000010 0.000010 0.000010
0.999960 0.000010 0.000010 0.000010 0.000010
0.478469 0.236401 0.000010 0.285110 0.000010
0.999960 0.000010 0.000010 0.000010 0.000010
0.382141 0.000010 0.000010 0.617829 0.000010
0.148030 0.000010 0.330738 0.319394 0.201827
0.735571 0.000010 0.000010 0.264399 0.000010
0.000010 0.131444 0.000010 0.202184 0.666352
0.248366 0.068030 0.177958 0.000010 0.505636
0.227900 0.165432 0.008702 0.193313 0.404653
