0.443172 0.256846 0.000010 0.000010 0.299962
0.498554 0.292629 0.208797 0.000010 0.000010
0.236080 0.000010 0.000010 0.080375 0.683525
0.999960 0.000010 0.000010 0.000010 0.000010
0.576609 0.234357 0.000010 0.073917 0.115106
0.597330 0.326975 0.075675 0.000010 0.000010
0.999960 0.000010 0.000010 0.000010 0.000010
0.999960 0.000010 0.000010 0.000010 0.000010
0.268971 0.512875 0.000010 0.003012 0.215131
0.000010 0.000010 0.000010 0.000010 0.999960
0.000010 0.999960 0.000010 0.000010 0.000010
0.376790 0.623180 0.000010 0.000010 0.000010
0.793609 0.000010 0.206361 0.000010 0.000010
0.000010 0.999960 0.000010 0.000010 0.000010
0.900974 0.000010 0.098996 0.000010 0.000010
0.000010 0.000010 0.000010 0.000010 0.999960
0.619678 0.000010 0.000010 0.047521 0.332781
0.731861 0.268109 0.000010 0.000010 0.000010
0.669503 0.076172 0.000010 0.008198 0.246117
0.999960 0.000010 0.000010 0.000010 0.000010
0.405969 0.000010 0.000010 0.000010 0.594001
0.284642 0.715328 0.000010 0.000010 0.000010
0.000010 0.999960 0.000010 0.000010 0.000010
0.000010 0.000010 0.000010 0.000010 0.999960
0.482144 0.411883 0.105952 0.000010 0.000010
0.000010 0.000010 0.000010 0.000010 0.999960
0.780312 0.000010 0.219658 0.000010 0.000010
0.000010 0.999960 0.000010 0.000010 0.000010
0.000010 0.999960 0.000010 0.000010 0.000010
0.711788 0.210552 0.000010 0.077640 0.000010
0.000010 0.999960 0.000010 0.000010 0.000010
0.000010 0.000010 0.000010 0.000010 0.999960
0.000010 0.353308 0.000010 0.000010 0.646662
0.999960 0.000010 0.000010 0.000010 0.000010
0.000010 0.307991 0.000010 0.000010 0.691979
0.000010 0.679339 0.000010 0.000010 0.320631
0.297681 0.454996 0.000010 0.000010 0.247302
0.000010 0.000010 0.000010 0.000010 0.999960
0.999960 0.000010 0.000010 0.000010 0.000010
0.679260 0.000010 0.000010 0.000010 0.320710
0.306021 0.160340 0.000010 0.201519 0.332110
0.999960 0.000010 0.000010 0.000010 0.000010
0.000010 0.429086 0.000010 0.000010 0.570884
0.199825 0.356839 0.101296 0.088673 0.253367
0.304846 0.695124 0.000010 0.000010 0.000010
0.000010 0.471042 0.000010 0.000010 0.528928
0.999960 0.000010 0.000010 0.000010 0.000010
0.000010 0.999960 0.000010 0.000010 0.000010
0.396448 0.603522 0.000010 0.000010 0.000010
0.527020 0.101076 0.116119 0.000010 0.255774
0.000010 0.000010 0.999960 0.000010 0.000010
0.047315 0.155702 0.000010 0.796964 0.000010
0.246570 0.000010 0.355392 0.398018 0.000010
0.000010 0.000010 0.000010 0.999960 0.000010
0.000010 0.000010 0.000010 0.896249 0.103721
0.000010 0.000010 0.000010 0.881171 0.118799
0.000010 0.000010 0.144095 0.855875 0.000010
0.078096 0.000010 0.558940 0.200843 0.162111
0.000010 0.000010 0.860048 0.139922 0.000010
0.198789 0.000010 0.801181 0.000010 0.000010
0.000010 0.173008 0.476050 0.350922 0.000010
0.000010 0.000010 0.999960 0.000010 0.000010
0.000010 0.000010 0.999960 0.000010 0.000010
0.140146 0.000010 0.785483 0.074350 0.000010
0.000010 0.141154 0.858816 0.000010 0.000010
0.000010 0.000010 0.999960 0.000010 0.000010
0.000010 0.000010 0.849277 0.000010 0.150693
0.000010 0.000010 0.000010 0.999960 0.000010
0.079802 0.000010 0.332930 0.587248 0.000010
0.059101 0.000010 0.000010 0.940869 0.000010
0.000010 0.000010 0.000010 0.999960 0.000010
0.255352 0.000010 0.000010 0.744618 0.000010
0.000010 0.323410 0.000010 0.676560 0.000010
0.310309 0.000010 0.689661 0.000010 0.000010
0.000010 0.000010 0.000010 0.999960 0.000010
0.208882 0.000010 0.791088 0.000010 0.000010
0.000010 0.030627 0.000010 0.969343 0.000010
0.000010 0.271097 0.232674 0.496209 0.000010
0.000010 0.149600 0.502162 0.348218 0.000010
0.000010 0.207534 0.000010 0.792436 0.000010
0.151035 0.000010 0.329784 0.454123 0.065048
0.000010 0.221301 0.133914 0.644765 0.000010
0.105269 0.000010 0.463544 0.361888 0.069288
0.245065 0.000010 0.453543 0.301372 0.000010
0.099600 0.193393 0.706987 0.000010 0.000010
0.346011 0.000010 0.000010 0.653959 0.000010
0.000010 0.000010 0.145100 0.664868 0.190012
0.000010 0.000010 0.999960 0.000010 0.000010
0.000010 0.000010 0.213458 0.288253 0.498269
0.105737 0.000010 0.000010 0.894233 0.000010
0.013043 0.061722 0.000010 0.925215 0.000010
0.426010 0.000010 0.251709 0.322262 0.000010
0.000010 0.000010 0.000010 0.943473 0.056497
0.000010 0.150716 0.106186 0.674232 0.068856
0.000010 0.080269 0.424060 0.257179 0.238482
0.044903 0.000010 0.384762 0.369911 0.200414
