0.000010 0.000010 0.999980
0.000010 0.207124 0.792866
0.000010 0.161045 0.838945
0.000010 0.000010 0.999980
0.056423 0.049025 0.894552
0.164338 0.000010 0.835652
0.000010 0.150642 0.849348
0.066757 0.000010 0.933233
0.112320 0.020614 0.867066
0.000010 0.000010 0.999980
0.179224 0.000010 0.820766
0.072696 0.000010 0.927294
0.341549 0.000010 0.658441
0.129073 0.000010 0.870917
0.230769 0.000010 0.769221
0.000010 0.073200 0.926790
0.059655 0.041758 0.898587
0.000010 0.000010 0.999980
0.066608 0.000010 0.933382
0.000010 0.000010 0.999980
0.000010 0.000010 0.999980
0.000010 0.146669 0.853321
0.289724 0.000010 0.710266
0.000010 0.140760 0.859230
0.297230 0.000010 0.702760
0.000010 0.000010 0.999980
0.395981 0.000010 0.604009
0.316270 0.000010 0.683720
0.000010 0.009176 0.990814
0.000010 0.141117 0.858873
0.198569 0.000010 0.801421
0.000010 0.112123 0.887867
0.000010 0.138384 0.861606
0.122701 0.000010 0.877289
0.183248 0.000010 0.816742
0.092442 0.074604 0.832954
0.000010 0.000010 0.999980
0.000010 0.070904 0.929086
0.066424 0.000010 0.933566
0.000010 0.000010 0.999980
0.000010 0.194195 0.805795
0.086203 0.000010 0.913787
0.011579 0.000010 0.988411
0.275030 0.000010 0.724960
0.179010 0.000010 0.820980
0.100382 0.000010 0.899608
0.000010 0.183355 0.816635
0.000010 0.000010 0.999980
0.044042 0.000010 0.955948
0.235178 0.000010 0.764812
0.512155 0.487835 0.000010
0.566218 0.363114 0.070668
0.119582 0.730536 0.149882
0.000010 0.999980 0.000010
0.000010 0.920445 0.079545
0.277638 0.722352 0.000010
0.000010 0.999980 0.000010
0.706425 0.232959 0.060616
0.242259 0.757731 0.000010
0.486393 0.389801 0.123806
0.000010 0.999980 0.000010
0.000010 0.999980 0.000010
0.090417 0.909573 0.000010
0.401988 0.586404 0.011608
0.999980 0.000010 0.000010
0.587777 0.412213 0.000010
0.387111 0.483175 0.129714
0.000010 0.999980 0.000010
0.246383 0.714931 0.038686
0.000010 0.999980 0.000010
0.000010 0.999980 0.000010
0.000010 0.835326 0.164664
0.999980 0.000010 0.000010
0.668420 0.264494 0.067086
0.189610 0.810380 0.000010
0.863587 0.136403 0.000010
0.465785 0.518463 0.015752
0.287141 0.547170 0.165689
0.758744 0.241246 0.000010
0.331368 0.668622 0.000010
0.286222 0.640308 0.073471
0.657734 0.342256 0.000010
0.476300 0.454501 0.069199
0.999980 0.000010 0.000010
0.999980 0.000010 0.000010
0.172516 0.578764 0.248720
0.308384 0.673524 0.018092
0.999980 0.000010 0.000010
0.415766 0.305594 0.278640
0.000010 0.886353 0.113637
0.499440 0.500550 0.000010
0.227133 0.448803 0.324065
0.263246 0.736744 0.000010
0.211557 0.631793 0.156650
0.277680 0.537600 0.184720
0.256831 0.552560 0.190609
