0.000010 0.000010 0.000010 0.999960 0.000010
0.802088 0.000010 0.000010 0.000010 0.197882
0.633690 0.030272 0.336018 0.000010 0.000010
0.999960 0.000010 0.000010 0.000010 0.000010
0.678038 0.000010 0.000010 0.321932 0.000010
0.359273 0.000010 0.075433 0.474266 0.091018
0.612479 0.067133 0.000010 0.320368 0.000010
0.353016 0.000010 0.000010 0.646954 0.000010
0.651390 0.000010 0.000010 0.348580 0.000010
0.999960 0.000010 0.000010 0.000010 0.000010
0.376687 0.000010 0.000010 0.623283 0.000010
0.000010 0.000010 0.000010 0.999960 0.000010
0.000010 0.000010 0.999960 0.000010 0.000010
0.000010 0.000010 0.000010 0.999960 0.000010
0.854348 0.000010 0.000010 0.000010 0.145622
0.000010 0.000010 0.999960 0.000010 0.000010
0.000010 0.000010 0.999960 0.000010 0.000010
0.000010 0.000010 0.507602 0.492368 0.000010
0.561795 0.000010 0.000010 0.438175 0.000010
0.429008 0.000010 0.000010 0.570962 0.000010
0.627207 0.000010 0.372763 0.000010 0.000010
0.452972 0.000010 0.546998 0.000010 0.000010
0.000010 0.065606 0.273597 0.660776 0.000010
0.000010 0.000010 0.999960 0.000010 0.000010
0.000010 0.000010 0.769262 0.229687 0.001031
0.202683 0.000010 0.000010 0.797287 0.000010
0.262848 0.000010 0.000010 0.473410 0.263722
0.000010 0.000010 0.445596 0.338729 0.215655
0.398416 0.000010 0.346826 0.254737 0.000010
0.554765 0.077956 0.151888 0.215380 0.000010
0.255045 0.000010 0.000010 0.696704 0.048232
0.000010 0.000010 0.304406 0.695564 0.000010
0.048022 0.000010 0.652962 0.228865 0.070141
0.393052 0.024518 0.000010 0.582410 0.000010
0.000010 0.013919 0.574089 0.411972 0.000010
0.000010 0.000010 0.380863 0.619107 0.000010
0.000010 0.000010 0.579440 0.420530 0.000010
0.000010 0.000010 0.999960 0.000010 0.000010
0.999960 0.000010 0.000010 0.000010 0.000010
0.000010 0.000010 0.000010 0.999960 0.000010
0.425718 0.188334 0.385928 0.000010 0.000010
0.000010 0.000010 0.000010 0.999960 0.000010
0.342859 0.000010 0.657111 0.000010 0.000010
0.238638 0.173112 0.000010 0.555380 0.032861
0.149859 0.000010 0.850111 0.000010 0.000010
0.000010 0.000010 0.000010 0.999960 0.000010
0.596978 0.000010 0.000010 0.402992 0.000010
0.999960 0.000010 0.000010 0.000010 0.000010
0.000010 0.000010 0.000010 0.999960 0.000010
0.115330 0.000010 0.199318 0.564894 0.120448
0.000010 0.606115 0.000010 0.000010 0.393855
0.253206 0.746764 0.000010 0.000010 0.000010
0.000010 0.462967 0.220051 0.000010 0.316962
0.000010 0.999960 0.000010 0.000010 0.000010
0.000010 0.825922 0.174048 0.000010 0.000010
0.004489 0.833896 0.161595 0.000010 0.000010
0.000010 0.871813 0.000010 0.007617 0.120549
0.000010 0.272719 0.188150 0.059288 0.479833
0.000010 0.000010 0.000010 0.000010 0.999960
0.000010 0.000010 0.215301 0.000010 0.784669
0.099036 0.547253 0.000010 0.000010 0.353691
0.000010 0.000010 0.000010 0.000010 0.999960
0.000010 0.000010 0.000010 0.000010 0.999960
0.000010 0.275108 0.110574 0.000010 0.614297
0.000010 0.000010 0.000010 0.000010 0.999960
0.000010 0.000010 0.000010 0.000010 0.999960
0.044560 0.000010 0.000010 0.000010 0.955410
0.000010 0.962283 0.000010 0.037687 0.000010
0.092960 0.596568 0.000010 0.000010 0.310452
0.000010 0.961049 0.000010 0.038921 0.000010
0.000010 0.999960 0.000010 0.000010 0.000010
0.154987 0.720380 0.000010 0.124613 0.000010
0.000010 0.632488 0.000010 0.367482 0.000010
0.407908 0.000010 0.000010 0.000010 0.592062
0.000010 0.999960 0.000010 0.000010 0.000010
0.000010 0.000010 0.000010 0.070065 0.929905
0.000010 0.848852 0.151118 0.000010 0.000010
0.000010 0.735158 0.000010 0.264812 0.000010
0.033752 0.395719 0.140817 0.000010 0.429703
0.000010 0.891060 0.000010 0.108910 0.000010
0.038120 0.397788 0.000010 0.149085 0.414997
0.000010 0.524522 0.236963 0.000010 0.238495
0.005590 0.375994 0.000010 0.146048 0.472358
0.000010 0.236046 0.234544 0.000010 0.529391
0.000010 0.000010 0.292406 0.000010 0.707564
0.258643 0.604560 0.136777 0.000010 0.000010
0.241065 0.643404 0.000010 0.000010 0.115511
0.000010 0.000010 0.000010 0.000010 0.999960
0.000010 0.216381 0.519054 0.000010 0.264545
0.110596 0.835599 0.053785 0.000010 0.000010
0.000010 0.731336 0.268634 0.000010 0.000010
0.373413 0.304845 0.000010 0.000010 0.321722
0.000010 0.782308 0.073546 0.000010 0.144126
0.000010 0.723188 0.000010 0.276782 0.000010
0.024385 0.271478 0.285573 0.000010 0.418553
0.149458 0.514795 0.000010 0.091949 0.243788
