0.000010 0.000010 0.999960 0.000010 0.000010
0.000010 0.396184 0.486892 0.116904 0.000010
0.000010 0.989261 0.000010 0.010709 0.000010
0.000010 0.835451 0.164519 0.000010 0.000010
0.000010 0.591276 0.408694 0.000010 0.000010
0.577814 0.309157 0.000010 0.000010 0.113008
0.351000 0.569681 0.000010 0.079298 0.000010
0.000010 0.436198 0.563772 0.000010 0.000010
0.318443 0.658498 0.000010 0.023039 0.000010
0.000010 0.999960 0.000010 0.000010 0.000010
0.999960 0.000010 0.000010 0.000010 0.000010
0.724330 0.000010 0.275640 0.000010 0.000010
0.000010 0.000010 0.999960 0.000010 0.000010
0.999960 0.000010 0.000010 0.000010 0.000010
0.000010 0.842083 0.000010 0.000010 0.157887
0.714776 0.285194 0.000010 0.000010 0.000010
0.051810 0.421083 0.527088 0.000010 0.000010
0.000010 0.000010 0.999960 0.000010 0.000010
0.454779 0.545191 0.000010 0.000010 0.000010
0.492707 0.415364 0.091909 0.000010 0.000010
0.000010 0.999960 0.000010 0.000010 0.000010
0.000010 0.356606 0.614268 0.029105 0.000010
0.999960 0.000010 0.000010 0.000010 0.000010
0.410111 0.471281 0.000010 0.118588 0.000010
0.431888 0.099180 0.352210 0.000010 0.116712
0.468743 0.314846 0.216392 0.000010 0.000010
0.000010 0.000010 0.999960 0.000010 0.000010
0.000010 0.000010 0.999960 0.000010 0.000010
0.000011 0.330709 0.669260 0.000010 0.000010
0.080930 0.574396 0.225865 0.000010 0.118799
0.844286 0.000010 0.155684 0.000010 0.000010
0.999960 0.000010 0.000010 0.000010 0.000010
0.000010 0.000010 0.999960 0.000010 0.000010
0.216449 0.379472 0.358714 0.000010 0.045356
0.551303 0.335050 0.000010 0.000010 0.113627
0.999960 0.000010 0.000010 0.000010 0.000010
0.834648 0.165322 0.000010 0.000010 0.000010
0.281184 0.718786 0.000010 0.000010 0.000010
0.000010 0.999960 0.000010 0.000010 0.000010
0.999960 0.000010 0.000010 0.000010 0.000010
0.158882 0.618498 0.000010 0.222600 0.000010
0.445156 0.000010 0.554814 0.000010 0.000010
0.000010 0.999960 0.000010 0.000010 0.000010
0.000010 0.000010 0.834191 0.165779 0.000010
0.000010 0.709619 0.290351 0.000010 0.000010
0.822709 0.000010 0.177261 0.000010 0.000010
0.398797 0.482530 0.000010 0.118654 0.000010
0.000010 0.999960 0.000010 0.000010 0.000010
0.650963 0.000010 0.349007 0.000010 0.000010
0.465720 0.247511 0.286749 0.000010 0.000010
0.000010 0.000010 0.000010 0.000010 0.999960
0.000010 0.287568 0.000010 0.000010 0.712402
0.000010 0.179046 0.000010 0.606614 0.214320
0.000010 0.000010 0.000010 0.999960 0.000010
0.000010 0.077254 0.000010 0.922716 0.000010
0.000010 0.153463 0.000010 0.469575 0.376942
0.000010 0.000010 0.000010 0.999960 0.000010
0.131930 0.140859 0.000010 0.000010 0.727191
0.000010 0.000010 0.000010 0.056000 0.943970
0.000010 0.000010 0.290658 0.000010 0.709312
0.000010 0.000010 0.000010 0.999960 0.000010
0.000010 0.000010 0.000010 0.999960 0.000010
0.000010 0.056827 0.000010 0.510149 0.433004
0.000010 0.065634 0.033247 0.362341 0.538769
0.000010 0.000010 0.090415 0.000010 0.909555
0.000010 0.000010 0.198766 0.000010 0.801204
0.056019 0.092779 0.000010 0.000010 0.851182
0.000010 0.000010 0.000010 0.999960 0.000010
0.000010 0.039562 0.059583 0.539285 0.361560
0.000010 0.000010 0.000010 0.999960 0.000010
0.000010 0.000010 0.000010 0.999960 0.000010
0.101132 0.037405 0.000010 0.861443 0.000010
0.026051 0.000010 0.286999 0.000010 0.686931
0.000010 0.334785 0.000010 0.000010 0.665185
0.000010 0.000010 0.000010 0.681585 0.318385
0.000010 0.000010 0.240157 0.000010 0.759813
0.141280 0.000010 0.000010 0.397147 0.461553
0.159681 0.000010 0.116774 0.271451 0.452084
0.006355 0.000010 0.214800 0.000010 0.778825
0.105402 0.000010 0.000010 0.422399 0.472179
0.197688 0.000010 0.000010 0.580810 0.221482
0.000010 0.189821 0.000010 0.000010 0.810149
0.064999 0.006798 0.070472 0.425413 0.432318
0.000010 0.093077 0.210082 0.073534 0.623297
0.000010 0.000010 0.168556 0.000010 0.831414
0.000010 0.243988 0.174751 0.581241 0.000010
0.000010 0.198938 0.000010 0.574308 0.226734
0.000010 0.000010 0.000010 0.000010 0.999960
0.014168 0.358909 0.000010 0.232649 0.394264
0.000010 0.000010 0.188559 0.811411 0.000010
0.149932 0.000010 0.000010 0.568749 0.281299
0.000010 0.267440 0.119833 0.356180 0.256537
0.000010 0.000010 0.000010 0.717586 0.282384
0.071178 0.000010 0.147781 0.422861 0.358171
0.000010 0.234688 0.023137 0.576627 0.165538
0.000010 0.239132 0.000010 0.333906 0.426943
