0.000010 0.000010 0.999980
0.089682 0.000010 0.910308
0.089851 0.910139 0.000010
0.000010 0.000010 0.999980
0.000010 0.337038 0.662952
0.050118 0.523598 0.426284
0.000010 0.999980 0.000010
0.000010 0.396386 0.603604
0.024027 0.601439 0.374535
0.000010 0.134626 0.865364
0.000010 0.295687 0.704303
0.000010 0.000010 0.999980
0.000010 0.000010 0.999980
0.000010 0.555477 0.444513
0.141362 0.858628 0.000010
0.000010 0.999980 0.000010
0.040090 0.506995 0.452915
0.000010 0.000010 0.999980
0.000010 0.571606 0.428384
0.000010 0.214170 0.785820
0.000010 0.999980 0.000010
0.000010 0.376108 0.623882
0.094281 0.368756 0.536963
0.000010 0.826923 0.173067
0.000010 0.999980 0.000010
0.000010 0.399005 0.600985
0.000010 0.000010 0.999980
0.000010 0.000010 0.999980
0.000010 0.000010 0.999980
0.078131 0.438021 0.483848
0.017798 0.278164 0.704038
0.000010 0.999980 0.000010
0.000010 0.000010 0.999980
0.000010 0.483164 0.516826
0.120915 0.879075 0.000010
0.036447 0.599857 0.363697
0.000010 0.999980 0.000010
0.000010 0.999980 0.000010
0.000010 0.999980 0.000010
0.000010 0.518513 0.481477
0.124049 0.410291 0.465660
0.000010 0.000010 0.999980
0.000010 0.695344 0.304646
0.167401 0.000010 0.832589
0.000010 0.923185 0.076805
0.060229 0.557176 0.382595
0.000010 0.842602 0.157388
0.000010 0.000010 0.999980
0.000010 0.168451 0.831539
0.000010 0.675126 0.324864
0.999980 0.000010 0.000010
0.766814 0.233176 0.000010
0.802048 0.197942 0.000010
0.999980 0.000010 0.000010
0.902176 0.097814 0.000010
0.874657 0.125333 0.000010
0.999980 0.000010 0.000010
0.746320 0.253670 0.000010
0.999980 0.000010 0.000010
0.777593 0.222397 0.000010
0.982319 0.000010 0.017671
0.902902 0.000010 0.097088
0.931132 0.000010 0.068858
0.918267 0.081723 0.000010
0.822406 0.000010 0.177584
0.974161 0.025829 0.000010
0.739197 0.000010 0.260793
0.997215 0.000010 0.002775
0.823270 0.000010 0.176720
0.952036 0.047954 0.000010
0.999980 0.000010 0.000010
0.791643 0.194256 0.014101
0.706011 0.000010 0.293979
0.704275 0.295715 0.000010
0.999980 0.000010 0.000010
0.841683 0.000010 0.158307
0.850131 0.000010 0.149859
0.764010 0.235980 0.000010
0.818996 0.000010 0.180994
0.912789 0.000010 0.087201
0.851757 0.121372 0.026871
0.786472 0.038061 0.175466
0.863323 0.000010 0.136667
0.772911 0.150492 0.076597
0.785220 0.214770 0.000010
0.655874 0.344116 0.000010
0.861265 0.138725 0.000010
0.999980 0.000010 0.000010
0.608324 0.391666 0.000010
0.844386 0.109496 0.046118
0.856923 0.143067 0.000010
0.585064 0.167314 0.247622
0.986165 0.013825 0.000010
0.769756 0.000010 0.230234
0.700207 0.266772 0.033021
0.762987 0.237003 0.000010
