0.388127 0.000010 0.000010 0.000010 0.611843
0.456654 0.000010 0.269631 0.000010 0.273695
0.631538 0.000010 0.000010 0.194885 0.173557
0.000010 0.000010 0.000010 0.000010 0.999960
0.385780 0.000010 0.085232 0.000010 0.528969
0.823918 0.176052 0.000010 0.000010 0.000010
0.898171 0.000010 0.000010 0.101799 0.000010
0.458091 0.000010 0.033522 0.000010 0.508367
0.409727 0.177473 0.000010 0.000010 0.412780
0.999960 0.000010 0.000010 0.000010 0.000010
0.999960 0.000010 0.000010 0.000010 0.000010
0.796248 0.000010 0.000010 0.000010 0.203722
0.000010 0.315367 0.000010 0.000010 0.684603
0.999960 0.000010 0.000010 0.000010 0.000010
0.692707 0.000010 0.292926 0.000010 0.014347
0.999960 0.000010 0.000010 0.000010 0.000010
0.354625 0.000010 0.000010 0.049361 0.595994
0.000010 0.000010 0.000010 0.000010 0.999960
0.889650 0.110320 0.000010 0.000010 0.000010
0.643972 0.000010 0.000010 0.000010 0.355998
0.950529 0.000010 0.000010 0.000010 0.049441
0.000010 0.000010 0.000010 0.000010 0.999960
0.764610 0.235360 0.000010 0.000010 0.000010
0.895481 0.000010 0.000010 0.104489 0.000010
0.000010 0.207606 0.000010 0.000010 0.792364
0.999960 0.000010 0.000010 0.000010 0.000010
0.000010 0.000010 0.277451 0.000010 0.722519
0.000010 0.000010 0.000010 0.000010 0.999960
0.000010 0.000010 0.000010 0.000010 0.999960
0.420799 0.000010 0.150027 0.000010 0.429154
0.306360 0.000010 0.157738 0.000010 0.535882
0.895367 0.000010 0.000010 0.104603 0.000010
0.000010 0.000010 0.000010 0.104283 0.895687
0.417354 0.000010 0.090408 0.000010 0.492218
0.779990 0.219980 0.000010 0.000010 0.000010
0.840932 0.159038 0.000010 0.000010 0.000010
0.999960 0.000010 0.000010 0.000010 0.000010
0.410514 0.000010 0.000010 0.069880 0.519586
0.215158 0.000010 0.000010 0.000010 0.784812
0.999960 0.000010 0.000010 0.000010 0.000010
0.521020 0.190155 0.000010 0.015667 0.273148
0.407487 0.000010 0.000010 0.000010 0.592483
0.681517 0.117505 0.000010 0.000010 0.200958
0.000010 0.273167 0.000010 0.000010 0.726803
0.000010 0.000010 0.000010 0.000010 0.999960
0.868449 0.000010 0.000010 0.131521 0.000010
0.622884 0.000010 0.209077 0.000010 0.168019
0.416875 0.325160 0.000010 0.000010 0.257945
0.438087 0.000010 0.000010 0.000010 0.561883
0.617240 0.000010 0.182269 0.000010 0.200471
0.000010 0.457269 0.145763 0.396948 0.000010
0.000010 0.999960 0.000010 0.000010 0.000010
0.000010 0.000010 0.178390 0.599023 0.222567
0.000010 0.580338 0.000010 0.419632 0.000010
0.000010 0.000010 0.000010 0.999960 0.000010
0.000010 0.678433 0.000010 0.321537 0.000010
0.000010 0.150195 0.000010 0.849775 0.000010
0.115898 0.416375 0.342209 0.125508 0.000010
0.000010 0.000010 0.827059 0.172911 0.000010
0.000010 0.000010 0.812826 0.000010 0.187144
0.000010 0.000010 0.000010 0.999960 0.000010
0.000010 0.000010 0.000010 0.999960 0.000010
0.000010 0.000010 0.536800 0.463170 0.000010
0.000010 0.093086 0.512272 0.394622 0.000010
0.000010 0.000010 0.999960 0.000010 0.000010
0.000010 0.000010 0.888968 0.111002 0.000010
0.182973 0.000010 0.683524 0.133483 0.000010
0.000010 0.568742 0.000010 0.431228 0.000010
0.091022 0.164549 0.260712 0.483708 0.000010
0.000010 0.000010 0.000010 0.999960 0.000010
0.000010 0.000010 0.000010 0.999960 0.000010
0.114447 0.000010 0.000010 0.885523 0.000010
0.000010 0.999960 0.000010 0.000010 0.000010
0.000010 0.000010 0.758412 0.000010 0.241558
0.000010 0.336391 0.000010 0.663579 0.000010
0.000010 0.000010 0.999960 0.000010 0.000010
0.000010 0.611453 0.000010 0.388517 0.000010
0.000010 0.999960 0.000010 0.000010 0.000010
0.000010 0.522827 0.297182 0.179972 0.000010
0.000010 0.348557 0.302408 0.349016 0.000010
0.271159 0.000010 0.560093 0.168728 0.000010
0.000010 0.699087 0.300883 0.000010 0.000010
0.078996 0.127272 0.335653 0.458068 0.000010
0.000010 0.554833 0.348915 0.000010 0.096232
0.000010 0.652703 0.347267 0.000010 0.000010
0.088489 0.000010 0.381228 0.312986 0.217288
0.055215 0.401335 0.171521 0.371920 0.000010
0.000010 0.000010 0.999960 0.000010 0.000010
0.123667 0.319446 0.243406 0.157690 0.155791
0.000010 0.000010 0.297831 0.499942 0.202207
0.000010 0.999960 0.000010 0.000010 0.000010
0.048300 0.264109 0.404236 0.007944 0.275410
0.000010 0.263033 0.211919 0.525028 0.000010
0.126335 0.518761 0.000010 0.354884 0.000010
0.098398 0.000010 0.141784 0.594653 0.165155
0.000010 0.231338 0.091685 0.526738 0.150229
