0.000010 0.000010 0.000010 0.000010 0.999960
0.000010 0.118285 0.000010 0.260747 0.620948
0.000010 0.000010 0.000010 0.999960 0.000010
0.000010 0.000010 0.000010 0.561363 0.438607
0.000010 0.000010 0.000010 0.411754 0.588216
0.171645 0.000010 0.481010 0.273248 0.074086
0.000010 0.000010 0.000010 0.999960 0.000010
0.000010 0.000010 0.135934 0.227064 0.636981
0.000010 0.000010 0.000010 0.355757 0.644213
0.000010 0.000010 0.000010 0.999960 0.000010
0.000010 0.000010 0.999960 0.000010 0.000010
0.000010 0.000010 0.736599 0.130847 0.132534
0.290936 0.000010 0.000010 0.149729 0.559315
0.000010 0.000010 0.999960 0.000010 0.000010
0.000010 0.087216 0.513485 0.399279 0.000010
0.000010 0.000010 0.999960 0.000010 0.000010
0.082346 0.000010 0.367279 0.143329 0.407036
0.000010 0.000010 0.000010 0.000010 0.999960
0.008434 0.000010 0.000010 0.991536 0.000010
0.000010 0.000010 0.000010 0.272152 0.727818
0.000010 0.000010 0.440025 0.559945 0.000010
0.000010 0.000010 0.000010 0.000010 0.999960
0.119790 0.000010 0.835408 0.044782 0.000010
0.000010 0.000010 0.999960 0.000010 0.000010
0.106554 0.000010 0.893416 0.000010 0.000010
0.000010 0.000010 0.361148 0.313218 0.325614
0.000010 0.000010 0.000010 0.000010 0.999960
0.000010 0.000010 0.000010 0.000010 0.999960
0.000010 0.000010 0.000010 0.000010 0.999960
0.161040 0.000010 0.018633 0.523588 0.296730
0.000010 0.055701 0.679875 0.000010 0.264404
0.000010 0.000010 0.999960 0.000010 0.000010
0.000010 0.000010 0.000010 0.000010 0.999960
0.054162 0.000010 0.000010 0.389590 0.556229
0.181152 0.000010 0.818818 0.000010 0.000010
0.000010 0.000010 0.999960 0.000010 0.000010
0.000010 0.000010 0.999960 0.000010 0.000010
0.000010 0.000010 0.999960 0.000010 0.000010
0.000010 0.000010 0.000010 0.999960 0.000010
0.000010 0.000010 0.000010 0.999960 0.000010
0.048798 0.070483 0.000010 0.559559 0.321149
0.000010 0.000010 0.000010 0.000010 0.999960
0.000010 0.000010 0.832557 0.000010 0.167413
0.149742 0.000010 0.000010 0.000010 0.850228
0.000010 0.000010 0.707593 0.000010 0.292377
0.072010 0.000010 0.637069 0.290901 0.000010
0.000010 0.161360 0.500278 0.110671 0.227681
0.000010 0.000010 0.000010 0.559269 0.440701
0.000010 0.000010 0.000010 0.539898 0.460072
0.000010 0.000010 0.588963 0.118546 0.292471
0.633152 0.366818 0.000010 0.000010 0.000010
0.999960 0.000010 0.000010 0.000010 0.000010
0.117887 0.693902 0.054314 0.133887 0.000010
0.193610 0.806360 0.000010 0.000010 0.000010
0.000010 0.854571 0.000010 0.145399 0.000010
0.492206 0.394387 0.000010 0.113387 0.000010
0.000010 0.952020 0.000010 0.000010 0.047950
0.415970 0.365894 0.218116 0.000010 0.000010
0.424591 0.575379 0.000010 0.000010 0.000010
0.429999 0.391801 0.178179 0.000010 0.000010
0.000010 0.806705 0.000010 0.193265 0.000010
0.000010 0.862902 0.000010 0.137068 0.000010
0.000010 0.999960 0.000010 0.000010 0.000010
0.174589 0.791297 0.000010 0.034094 0.000010
0.402663 0.417169 0.000010 0.000010 0.180148
0.503112 0.489472 0.000010 0.000010 0.007396
0.000010 0.730680 0.000010 0.269290 0.000010
0.153090 0.749106 0.000010 0.000010 0.097784
0.253623 0.570132 0.000010 0.176225 0.000010
0.000010 0.845470 0.000010 0.154500 0.000010
0.000010 0.999960 0.000010 0.000010 0.000010
0.000010 0.742317 0.000010 0.257653 0.000010
0.676231 0.064278 0.000010 0.000010 0.259471
0.393131 0.345678 0.000010 0.165893 0.095289
0.999960 0.000010 0.000010 0.000010 0.000010
0.000010 0.759633 0.000010 0.000010 0.240337
0.999960 0.000010 0.000010 0.000010 0.000010
0.583975 0.234237 0.088574 0.000010 0.093204
0.999960 0.000010 0.000010 0.000010 0.000010
0.999960 0.000010 0.000010 0.000010 0.000010
0.034181 0.752320 0.032793 0.180696 0.000010
0.999960 0.000010 0.000010 0.000010 0.000010
0.241159 0.558687 0.000010 0.200134 0.000010
0.557234 0.303166 0.000010 0.000010 0.139581
0.999960 0.000010 0.000010 0.000010 0.000010
0.346570 0.310338 0.000010 0.161019 0.182062
0.293613 0.549242 0.157125 0.000010 0.000010
0.000010 0.999960 0.000010 0.000010 0.000010
0.526834 0.133805 0.056161 0.283189 0.000010
0.033676 0.727583 0.000010 0.000010 0.238721
0.999960 0.000010 0.000010 0.000010 0.000010
0.000010 0.571702 0.000010 0.054070 0.374209
0.322795 0.626470 0.000010 0.050715 0.000010
0.356863 0.415881 0.000010 0.205861 0.021385
0.227825 0.462695 0.208600 0.000010 0.100871
0.242312 0.480544 0.000010 0.215550 0.061585
