0.298400 0.701580 0.000010 0.000010
0.000010 0.768056 0.231924 0.000010
0.639293 0.223455 0.000010 0.137242
0.000010 0.999970 0.000010 0.000010
0.206952 0.673771 0.000010 0.119267
0.481884 0.450765 0.067341 0.000010
0.000010 0.836629 0.000010 0.163351
0.000010 0.999970 0.000010 0.000010
0.329925 0.560060 0.000010 0.110005
0.999970 0.000010 0.000010 0.000010
0.999970 0.000010 0.000010 0.000010
0.795938 0.204042 0.000010 0.000010
0.000010 0.837678 0.162302 0.000010
0.999970 0.000010 0.000010 0.000010
0.000010 0.817156 0.182824 0.000010
0.999970 0.000010 0.000010 0.000010
0.320652 0.627184 0.000010 0.052154
0.000010 0.999970 0.000010 0.000010
0.508841 0.491139 0.000010 0.000010
0.509973 0.490007 0.000010 0.000010
0.538112 0.461868 0.000010 0.000010
0.000010 0.999970 0.000010 0.000010
0.843433 0.081794 0.000010 0.074763
0.953802 0.000010 0.000010 0.046178
0.482236 0.366137 0.151616 0.000010
0.999970 0.000010 0.000010 0.000010
0.000010 0.754262 0.245718 0.000010
0.194411 0.592390 0.213189 0.000010
0.169388 0.830592 0.000010 0.000010
0.143389 0.754393 0.031661 0.070556
0.918133 0.000010 0.081847 0.000010
0.999970 0.000010 0.000010 0.000010
0.222468 0.700451 0.077070 0.000010
0.142349 0.777212 0.000010 0.080428
0.999970 0.000010 0.000010 0.000010
0.999970 0.000010 0.000010 0.000010
0.704720 0.295260 0.000010 0.000010
0.999970 0.000010 0.000010 0.000010
0.000010 0.999970 0.000010 0.000010
0.670557 0.329423 0.000010 0.000010
0.332182 0.425146 0.000010 0.242663
0.423228 0.576752 0.000010 0.000010
0.661686 0.338294 0.000010 0.000010
0.011344 0.660469 0.068137 0.260050
0.000010 0.999970 0.000010 0.000010
0.999970 0.000010 0.000010 0.000010
0.515455 0.348996 0.135539 0.000010
0.000010 0.999970 0.000010 0.000010
0.397209 0.602771 0.000010 0.000010
0.741821 0.231063 0.027106 0.000010
0.000010 0.000010 0.999970 0.000010
0.000010 0.105320 0.000010 0.894660
0.000010 0.173744 0.431437 0.394809
0.000010 0.000010 0.000010 0.999970
0.063781 0.000010 0.174113 0.762095
0.000010 0.037446 0.000010 0.962534
0.000010 0.000010 0.197351 0.802629
0.212162 0.000010 0.530528 0.257300
0.000010 0.000010 0.999970 0.000010
0.000010 0.214078 0.785902 0.000010
0.100266 0.000010 0.545298 0.354426
0.000010 0.000010 0.999970 0.000010
0.000010 0.000010 0.999970 0.000010
0.000010 0.092657 0.767738 0.139595
0.000010 0.000010 0.999970 0.000010
0.000010 0.000010 0.999970 0.000010
0.099004 0.000010 0.900976 0.000010
0.000010 0.000010 0.000010 0.999970
0.000010 0.062452 0.370199 0.567339
0.000010 0.000010 0.000010 0.999970
0.000010 0.000010 0.000010 0.999970
0.000010 0.213321 0.000010 0.786659
0.015580 0.068790 0.000010 0.915619
0.000010 0.344209 0.655771 0.000010
0.000010 0.000010 0.000010 0.999970
0.000010 0.159604 0.840376 0.000010
0.000010 0.000010 0.000010 0.999970
0.153076 0.050406 0.276497 0.520021
0.000010 0.117747 0.473010 0.409232
0.058538 0.000010 0.158337 0.783115
0.181235 0.000010 0.335115 0.483640
0.000010 0.127657 0.178350 0.693983
0.008358 0.101615 0.444389 0.445638
0.000010 0.211874 0.438341 0.349775
0.000010 0.239726 0.760254 0.000010
0.000010 0.290159 0.000010 0.709821
0.093154 0.000010 0.167663 0.739173
0.000010 0.000010 0.999970 0.000010
0.402187 0.000010 0.236329 0.361473
0.000010 0.035644 0.000010 0.964336
0.000010 0.000010 0.000010 0.999970
0.000010 0.362470 0.235615 0.401905
0.000010 0.000010 0.000010 0.999970
0.159882 0.000010 0.157589 0.682519
0.105851 0.165724 0.399709 0.328716
0.143536 0.081912 0.407991 0.366561
