0.000010 0.000010 0.406913 0.593067
0.000010 0.085407 0.000010 0.914573
0.000010 0.132570 0.563309 0.304111
0.000010 0.000010 0.000010 0.999970
0.000010 0.000010 0.000010 0.999970
0.125709 0.000010 0.395952 0.478329
0.000010 0.133820 0.378660 0.487510
0.000010 0.000010 0.000010 0.999970
0.000010 0.048895 0.341689 0.609406
0.000010 0.000010 0.000010 0.999970
0.000010 0.000010 0.370440 0.629540
0.000010 0.000010 0.999970 0.000010
0.276107 0.000010 0.000010 0.723873
0.104668 0.000010 0.681867 0.213456
0.172711 0.000010 0.000010 0.827269
0.000010 0.000010 0.999970 0.000010
0.000010 0.039270 0.363449 0.597272
0.005043 0.000010 0.448207 0.546740
0.015388 0.000010 0.387151 0.597451
0.000010 0.000010 0.410008 0.589972
0.000010 0.000010 0.000010 0.999970
0.000010 0.000010 0.000010 0.999970
0.185761 0.000010 0.814219 0.000010
0.000010 0.058780 0.941200 0.000010
0.275528 0.000010 0.711227 0.013235
0.000010 0.000010 0.999970 0.000010
0.280248 0.000010 0.000010 0.719732
0.260104 0.000010 0.327396 0.412490
0.000010 0.000010 0.319291 0.680689
0.072517 0.034869 0.188807 0.703807
0.100083 0.000010 0.899897 0.000010
0.000010 0.000010 0.999970 0.000010
0.000010 0.062820 0.268953 0.668217
0.066683 0.000010 0.285114 0.648193
0.137710 0.000010 0.862270 0.000010
0.000010 0.000010 0.999970 0.000010
0.000010 0.000010 0.989894 0.010086
0.000010 0.000010 0.999970 0.000010
0.000010 0.000010 0.000010 0.999970
0.000010 0.000010 0.999970 0.000010
0.000010 0.191132 0.273175 0.535684
0.000010 0.000010 0.999970 0.000010
0.000010 0.000010 0.538531 0.461449
0.229847 0.000010 0.000010 0.770133
0.038126 0.000010 0.204463 0.757401
0.088011 0.000010 0.911969 0.000010
0.000010 0.134665 0.281851 0.583474
0.000010 0.000010 0.000010 0.999970
0.000010 0.000010 0.567926 0.432054
0.082246 0.000010 0.712254 0.205490
0.686162 0.313818 0.000010 0.000010
0.630734 0.122148 0.000010 0.247107
0.067615 0.743822 0.188553 0.000010
0.000010 0.999970 0.000010 0.000010
0.000010 0.903299 0.000010 0.096681
0.324479 0.602160 0.000010 0.073351
0.000010 0.999970 0.000010 0.000010
0.561455 0.279979 0.158555 0.000010
0.190161 0.809819 0.000010 0.000010
0.601765 0.258290 0.139936 0.000010
0.000010 0.999970 0.000010 0.000010
0.000010 0.999970 0.000010 0.000010
0.000010 0.999970 0.000010 0.000010
0.416638 0.487585 0.000010 0.095767
0.999970 0.000010 0.000010 0.000010
0.999970 0.000010 0.000010 0.000010
0.559589 0.330563 0.091661 0.018186
0.000010 0.999970 0.000010 0.000010
0.289804 0.643384 0.000010 0.066802
0.000010 0.999970 0.000010 0.000010
0.000010 0.999970 0.000010 0.000010
0.000010 0.826145 0.000010 0.173835
0.818896 0.000010 0.000010 0.181084
0.751535 0.000010 0.000010 0.248445
0.239408 0.760572 0.000010 0.000010
0.999970 0.000010 0.000010 0.000010
0.410363 0.456286 0.133342 0.000010
0.396609 0.367376 0.236005 0.000010
0.999970 0.000010 0.000010 0.000010
0.311377 0.688603 0.000010 0.000010
0.247423 0.636959 0.115608 0.000010
0.411992 0.403143 0.000010 0.184855
0.444601 0.444385 0.028121 0.082893
0.620292 0.174845 0.000010 0.204853
0.999970 0.000010 0.000010 0.000010
0.000010 0.628459 0.000010 0.371521
0.162816 0.752298 0.000010 0.084876
0.502827 0.497153 0.000010 0.000010
0.328644 0.330734 0.174533 0.166090
0.000010 0.814520 0.000010 0.185460
0.226382 0.642868 0.130739 0.000010
0.199222 0.440787 0.000010 0.359981
0.194157 0.805823 0.000010 0.000010
0.412398 0.418638 0.168954 0.000010
0.119732 0.652388 0.010361 0.217519
0.279428 0.498101 0.141709 0.080763
