0.000010 0.890452 0.000010 0.109528
0.000010 0.715498 0.000010 0.284482
0.000010 0.838054 0.064490 0.097446
0.000010 0.999970 0.000010 0.000010
0.000010 0.887163 0.000010 0.112817
0.206089 0.793891 0.000010 0.000010
0.000010 0.810280 0.084397 0.105313
0.077867 0.922113 0.000010 0.000010
0.107758 0.844356 0.000010 0.047876
0.000010 0.999970 0.000010 0.000010
0.089835 0.910145 0.000010 0.000010
0.077253 0.922727 0.000010 0.000010
0.039896 0.640604 0.148326 0.171173
0.000010 0.865051 0.000010 0.134929
0.351869 0.648111 0.000010 0.000010
0.098565 0.901415 0.000010 0.000010
0.000010 0.911055 0.088925 0.000010
0.000010 0.946489 0.053491 0.000010
0.000010 0.908259 0.091721 0.000010
0.000010 0.999970 0.000010 0.000010
0.000010 0.999970 0.000010 0.000010
0.000010 0.863163 0.136817 0.000010
0.242660 0.757320 0.000010 0.000010
0.000010 0.866325 0.133655 0.000010
0.000010 0.702875 0.000010 0.297105
0.000010 0.868085 0.000010 0.131895
0.337838 0.588429 0.000010 0.073722
0.158515 0.688371 0.000010 0.153104
0.000010 0.920511 0.079469 0.000010
0.000010 0.834209 0.086427 0.079354
0.221307 0.778673 0.000010 0.000010
0.000010 0.856621 0.000010 0.143359
0.000010 0.685454 0.000010 0.314526
0.111464 0.888516 0.000010 0.000010
0.029987 0.835667 0.134336 0.000010
0.129575 0.845404 0.000010 0.025011
0.000010 0.999970 0.000010 0.000010
0.000010 0.910036 0.000010 0.089944
0.048784 0.951196 0.000010 0.000010
0.000010 0.864657 0.000010 0.135323
0.000010 0.714015 0.285965 0.000010
0.106796 0.893184 0.000010 0.000010
0.031179 0.968801 0.000010 0.000010
0.000010 0.664028 0.000010 0.335952
0.000010 0.929476 0.000010 0.070504
0.000010 0.738354 0.000010 0.261626
0.292915 0.707065 0.000010 0.000010
0.000010 0.860274 0.000010 0.139706
0.000010 0.850603 0.000010 0.149377
0.242925 0.757055 0.000010 0.000010
0.148907 0.000010 0.528686 0.322398
0.000010 0.000010 0.999970 0.000010
0.382751 0.053655 0.529837 0.033757
0.000010 0.000010 0.999970 0.000010
0.000010 0.000010 0.999970 0.000010
0.000010 0.000010 0.966836 0.033144
0.000010 0.000010 0.644274 0.355706
0.315642 0.108878 0.399293 0.176187
0.999970 0.000010 0.000010 0.000010
0.729200 0.053856 0.000010 0.216934
0.000010 0.000010 0.385851 0.614129
0.000010 0.000010 0.000010 0.999970
0.999970 0.000010 0.000010 0.000010
0.672808 0.000010 0.327172 0.000010
0.999970 0.000010 0.000010 0.000010
0.000010 0.000010 0.000010 0.999970
0.571333 0.000010 0.000010 0.428647
0.000010 0.000010 0.999970 0.000010
0.243314 0.000010 0.491249 0.265428
0.189692 0.000010 0.810288 0.000010
0.000010 0.000010 0.673066 0.326914
0.000010 0.123994 0.690371 0.185625
0.000010 0.047420 0.734328 0.218242
0.644183 0.186578 0.000010 0.169230
0.000010 0.000010 0.999970 0.000010
0.999970 0.000010 0.000010 0.000010
0.000010 0.000010 0.999970 0.000010
0.000010 0.028824 0.554036 0.417130
0.000010 0.000010 0.000010 0.999970
0.263424 0.000010 0.736556 0.000010
0.440382 0.076615 0.444248 0.038755
0.455338 0.055159 0.489494 0.000010
0.336851 0.040243 0.516301 0.106606
0.441510 0.091541 0.466938 0.000010
0.328450 0.080446 0.221524 0.369579
0.330959 0.225730 0.443300 0.000010
0.397608 0.000016 0.602366 0.000010
0.999970 0.000010 0.000010 0.000010
0.218065 0.276316 0.505609 0.000010
0.139027 0.000010 0.860953 0.000010
0.000010 0.000010 0.999970 0.000010
0.363097 0.270622 0.216150 0.150130
0.262584 0.000010 0.737396 0.000010
0.000010 0.038105 0.406241 0.555644
0.248908 0.180471 0.445032 0.125589
0.005482 0.064940 0.552867 0.376711
