0.000010 0.000010 0.999970 0.000010
0.242010 0.000010 0.000010 0.757970
0.000010 0.157118 0.592764 0.250107
0.000010 0.000010 0.000010 0.999970
0.000010 0.100965 0.285257 0.613767
0.082154 0.000010 0.527255 0.390581
0.000010 0.100658 0.344859 0.554473
0.000010 0.000010 0.585107 0.414873
0.000010 0.133181 0.515954 0.350854
0.000010 0.000010 0.000010 0.999970
0.000010 0.000010 0.439602 0.560378
0.000010 0.000010 0.740823 0.259157
0.290782 0.000010 0.014776 0.694431
0.000010 0.000010 0.999970 0.000010
0.104184 0.000010 0.000010 0.895796
0.000010 0.013045 0.693089 0.293855
0.095917 0.000010 0.414089 0.489985
0.000010 0.000010 0.999970 0.000010
0.000010 0.000010 0.419978 0.580002
0.000010 0.000010 0.525543 0.474437
0.000010 0.000010 0.000010 0.999970
0.000010 0.000010 0.000010 0.999970
0.000010 0.136050 0.819046 0.044894
0.000010 0.120635 0.721285 0.158070
0.174061 0.000010 0.688952 0.136977
0.000010 0.000010 0.999970 0.000010
0.337325 0.000010 0.662655 0.000010
0.271426 0.000010 0.460423 0.268141
0.000010 0.000010 0.391385 0.608595
0.134567 0.000010 0.243740 0.621683
0.111181 0.000010 0.616829 0.271980
0.000010 0.000010 0.786181 0.213799
0.087232 0.000010 0.378686 0.534072
0.056066 0.000010 0.710886 0.233038
0.022628 0.000010 0.977352 0.000010
0.000010 0.000010 0.999970 0.000010
0.000010 0.000010 0.999970 0.000010
0.000010 0.000010 0.999970 0.000010
0.000010 0.000010 0.000010 0.999970
0.000010 0.000010 0.999970 0.000010
0.000010 0.218942 0.204525 0.576524
0.000010 0.000010 0.999970 0.000010
0.000010 0.000010 0.287162 0.712818
0.256452 0.000010 0.423143 0.320395
0.000010 0.000010 0.000010 0.999970
0.000010 0.000010 0.999970 0.000010
0.000010 0.195027 0.463972 0.340991
0.000010 0.000010 0.000010 0.999970
0.000010 0.000010 0.999970 0.000010
0.000010 0.000010 0.897561 0.102419
0.491475 0.508505 0.000010 0.000010
0.000010 0.754879 0.000010 0.245101
0.208381 0.634293 0.000010 0.157316
0.000010 0.999970 0.000010 0.000010
0.000010 0.999970 0.000010 0.000010
0.000010 0.881382 0.000010 0.118598
0.263731 0.736249 0.000010 0.000010
0.397215 0.426666 0.176109 0.000010
0.596960 0.403020 0.000010 0.000010
0.798674 0.000010 0.000010 0.201306
0.304342 0.695638 0.000010 0.000010
0.999970 0.000010 0.000010 0.000010
0.448880 0.521143 0.000010 0.029967
0.528722 0.404434 0.000010 0.066834
0.999970 0.000010 0.000010 0.000010
0.999970 0.000010 0.000010 0.000010
0.939089 0.000010 0.000010 0.060891
0.000010 0.999970 0.000010 0.000010
0.438771 0.506567 0.000010 0.054652
0.000010 0.999970 0.000010 0.000010
0.000010 0.999970 0.000010 0.000010
0.000010 0.798310 0.141067 0.060612
0.579258 0.282371 0.036789 0.101582
0.663086 0.000010 0.000010 0.336894
0.247181 0.752799 0.000010 0.000010
0.999970 0.000010 0.000010 0.000010
0.000010 0.905023 0.094957 0.000010
0.295002 0.455601 0.249387 0.000010
0.999970 0.000010 0.000010 0.000010
0.117808 0.882172 0.000010 0.000010
0.369582 0.527676 0.102732 0.000010
0.272982 0.549752 0.000010 0.177255
0.499914 0.404237 0.075223 0.020625
0.615702 0.203089 0.000010 0.181199
0.971575 0.000010 0.000010 0.028405
0.194996 0.506178 0.000010 0.298816
0.000010 0.898592 0.000010 0.101388
0.478385 0.521595 0.000010 0.000010
0.213107 0.477494 0.072105 0.237294
0.000010 0.942949 0.000010 0.057031
0.000010 0.914545 0.085435 0.000010
0.277240 0.395947 0.000010 0.326803
0.000010 0.999970 0.000010 0.000010
0.460991 0.387309 0.151690 0.000010
0.250003 0.498724 0.121325 0.129948
0.224793 0.553532 0.112196 0.109479
