0.000010 0.000010 0.999980
0.000010 0.062786 0.937204
0.927735 0.072255 0.000010
0.000010 0.000010 0.999980
0.321638 0.000010 0.678352
0.718789 0.024696 0.256516
0.999980 0.000010 0.000010
0.385690 0.000010 0.614300
0.494557 0.011604 0.493839
0.127971 0.000010 0.872019
0.471982 0.000010 0.528008
0.000010 0.000010 0.999980
0.082797 0.141320 0.775882
0.657216 0.000010 0.342774
0.942335 0.057655 0.000010
0.999980 0.000010 0.000010
0.509076 0.041827 0.449097
0.000010 0.000010 0.999980
0.625215 0.000010 0.374775
0.000010 0.000010 0.999980
0.999980 0.000010 0.000010
0.421409 0.000010 0.578581
0.999980 0.000010 0.000010
0.999980 0.000010 0.000010
0.999980 0.000010 0.000010
0.411113 0.000010 0.588877
0.000010 0.000010 0.999980
0.000010 0.000010 0.999980
0.000010 0.000010 0.999980
0.492704 0.077609 0.429687
0.327060 0.015057 0.657883
0.999980 0.000010 0.000010
0.000010 0.000010 0.999980
0.350696 0.019098 0.630207
0.929880 0.070110 0.000010
0.998579 0.001411 0.000010
0.999980 0.000010 0.000010
0.999980 0.000010 0.000010
0.999980 0.000010 0.000010
0.506532 0.000010 0.493458
0.430961 0.118067 0.450972
0.000010 0.000010 0.999980
0.686284 0.000010 0.313706
0.000010 0.173490 0.826500
0.999980 0.000010 0.000010
0.573119 0.041384 0.385497
0.771599 0.000010 0.228391
0.000010 0.000010 0.999980
0.224954 0.000010 0.775036
0.679179 0.000010 0.320811
0.000010 0.999980 0.000010
0.206003 0.793987 0.000010
0.196624 0.803366 0.000010
0.000010 0.999980 0.000010
0.101121 0.898869 0.000010
0.112232 0.887758 0.000010
0.000010 0.999980 0.000010
0.268515 0.731475 0.000010
0.000010 0.999980 0.000010
0.232575 0.767415 0.000010
0.000010 0.959265 0.040725
0.000010 0.890888 0.109102
0.000010 0.948095 0.051895
0.083986 0.916004 0.000010
0.000010 0.819706 0.180284
0.014660 0.985330 0.000010
0.000010 0.751340 0.248650
0.000010 0.994532 0.005458
0.000010 0.837644 0.162346
0.019725 0.980265 0.000010
0.000010 0.999980 0.000010
0.169275 0.780000 0.050725
0.000010 0.725377 0.274613
0.303768 0.696222 0.000010
0.000010 0.999980 0.000010
0.000010 0.861955 0.138035
0.114926 0.885064 0.000010
0.249219 0.750771 0.000010
0.146671 0.835900 0.017429
0.000010 0.933073 0.066917
0.158952 0.841038 0.000010
0.000010 0.794663 0.205327
0.000010 0.869247 0.130743
0.197073 0.780509 0.022418
0.223964 0.776026 0.000010
0.359407 0.640583 0.000010
0.170800 0.829190 0.000010
0.000010 0.999980 0.000010
0.405002 0.594988 0.000010
0.096805 0.839042 0.064153
0.163696 0.836294 0.000010
0.118533 0.591825 0.289642
0.008982 0.991008 0.000010
0.000010 0.761682 0.238308
0.314834 0.685156 0.000010
0.239777 0.760213 0.000010
