0.000010 0.999960 0.000010 0.000010 0.000010
0.240199 0.000010 0.000010 0.043321 0.716460
0.000010 0.000010 0.000010 0.000010 0.999960
0.000010 0.000010 0.000010 0.000010 0.999960
0.000010 0.253028 0.055328 0.075376 0.616259
0.096546 0.172000 0.000010 0.498704 0.232739
0.000010 0.161418 0.068446 0.322791 0.447335
0.000010 0.490861 0.000010 0.509109 0.000010
0.000010 0.386089 0.132438 0.000010 0.481454
0.000010 0.000010 0.000010 0.000010 0.999960
0.000010 0.000010 0.000010 0.999960 0.000010
0.000010 0.305340 0.000010 0.694630 0.000010
0.000010 0.276447 0.219878 0.203819 0.299846
0.000010 0.999960 0.000010 0.000010 0.000010
0.011525 0.000010 0.000010 0.664732 0.323723
0.035384 0.510188 0.000010 0.334182 0.120235
0.000010 0.636475 0.000010 0.000010 0.363495
0.000020 0.999950 0.000010 0.000010 0.000010
0.000010 0.000010 0.000010 0.514225 0.485745
0.000010 0.000010 0.000010 0.999960 0.000010
0.000010 0.000010 0.000010 0.151324 0.848646
0.000010 0.000010 0.000010 0.204380 0.795590
0.000010 0.000010 0.000010 0.999960 0.000010
0.000010 0.450476 0.087844 0.046735 0.414935
0.000010 0.866655 0.000010 0.133315 0.000010
0.000010 0.322958 0.000010 0.401784 0.275239
0.178885 0.821085 0.000010 0.000010 0.000010
0.156588 0.643122 0.000010 0.000010 0.200270
0.000010 0.392953 0.000010 0.000010 0.607017
0.089878 0.227501 0.000010 0.048205 0.634405
0.000010 0.000010 0.000010 0.999960 0.000010
0.000010 0.000010 0.000010 0.999960 0.000010
0.144676 0.317308 0.000010 0.000010 0.537996
0.000010 0.591466 0.013075 0.338617 0.056832
0.000010 0.300382 0.085733 0.208237 0.405638
0.000010 0.465338 0.000010 0.534632 0.000010
0.000010 0.999960 0.000010 0.000010 0.000010
0.000010 0.999960 0.000010 0.000010 0.000010
0.000010 0.000010 0.000010 0.000010 0.999960
0.000010 0.613973 0.000010 0.385997 0.000010
0.000010 0.000010 0.225634 0.118479 0.655867
0.000010 0.327696 0.000010 0.672274 0.000010
0.000010 0.220705 0.000010 0.000010 0.779265
0.000010 0.479990 0.229845 0.000010 0.290144
0.000010 0.336764 0.000010 0.000010 0.663206
0.000010 0.641024 0.068026 0.290931 0.000010
0.081535 0.186754 0.000010 0.528678 0.203023
0.000010 0.000010 0.000010 0.000010 0.999960
0.000010 0.635096 0.000010 0.364874 0.000010
0.048320 0.618508 0.000010 0.221648 0.111514
0.290856 0.000010 0.709114 0.000010 0.000010
0.000010 0.000010 0.780605 0.000010 0.219365
0.302803 0.000010 0.497413 0.199765 0.000010
0.000010 0.000010 0.999960 0.000010 0.000010
0.000010 0.000010 0.934398 0.000010 0.065572
0.000010 0.000010 0.833694 0.000010 0.166276
0.312951 0.000010 0.687019 0.000010 0.000010
0.373151 0.176838 0.381738 0.068263 0.000010
0.999960 0.000010 0.000010 0.000010 0.000010
0.813323 0.000010 0.000010 0.000010 0.186647
0.493862 0.000010 0.469006 0.000010 0.037112
0.999960 0.000010 0.000010 0.000010 0.000010
0.999960 0.000010 0.000010 0.000010 0.000010
0.533070 0.143145 0.323765 0.000010 0.000010
0.874370 0.000010 0.000010 0.125600 0.000010
0.897481 0.102489 0.000010 0.000010 0.000010
0.931300 0.000010 0.000010 0.000010 0.068670
0.000010 0.000010 0.926435 0.073535 0.000010
0.417743 0.000010 0.484510 0.000010 0.097727
0.000010 0.000010 0.999960 0.000010 0.000010
0.181433 0.000010 0.818537 0.000010 0.000010
0.000010 0.000010 0.683480 0.316490 0.000010
0.000010 0.000010 0.703045 0.296925 0.000010
0.657822 0.000010 0.000010 0.000010 0.342148
0.000010 0.000010 0.999960 0.000010 0.000010
0.838310 0.000010 0.000010 0.161660 0.000010
0.000010 0.075835 0.924135 0.000010 0.000010
0.000010 0.244386 0.755584 0.000010 0.000010
0.491762 0.038489 0.346832 0.000010 0.122907
0.000010 0.000010 0.881781 0.118189 0.000010
0.404650 0.000010 0.236615 0.358714 0.000010
0.209813 0.000010 0.602352 0.059686 0.128139
0.434721 0.027570 0.429635 0.000010 0.108064
0.314088 0.114314 0.492221 0.000010 0.079367
0.460810 0.337520 0.201650 0.000010 0.000010
0.000010 0.000010 0.680890 0.000010 0.319080
0.000010 0.000010 0.810512 0.000010 0.189458
0.999960 0.000010 0.000010 0.000010 0.000010
0.216320 0.000010 0.426552 0.000010 0.357108
0.000010 0.000010 0.844289 0.155681 0.000010
0.000010 0.000010 0.818599 0.181371 0.000010
0.375178 0.000010 0.216651 0.268372 0.139789
0.000010 0.000010 0.955869 0.044101 0.000010
0.216091 0.194459 0.579310 0.000010 0.010130
0.317537 0.000010 0.397529 0.046512 0.238412
0.253726 0.000010 0.504648 0.000010 0.241606
