0.000010 0.999970 0.000010 0.000010
0.000010 0.287689 0.518171 0.194131
0.000010 0.000010 0.999970 0.000010
0.000010 0.000010 0.999970 0.000010
0.000010 0.343442 0.584579 0.071969
0.123679 0.596263 0.280048 0.000010
0.000010 0.471834 0.393008 0.135148
0.000010 0.832678 0.167302 0.000010
0.000010 0.345220 0.609173 0.045597
0.000010 0.000010 0.999970 0.000010
0.000010 0.999970 0.000010 0.000010
0.000010 0.999970 0.000010 0.000010
0.302959 0.340668 0.356363 0.000010
0.000010 0.999970 0.000010 0.000010
0.000010 0.000010 0.786705 0.213275
0.000010 0.927213 0.072767 0.000010
0.000010 0.496770 0.449766 0.053454
0.055864 0.635887 0.308239 0.000010
0.000010 0.523383 0.476597 0.000010
0.000010 0.646326 0.353654 0.000010
0.000010 0.000010 0.999970 0.000010
0.000010 0.350255 0.566582 0.083153
0.185665 0.814315 0.000010 0.000010
0.000010 0.313284 0.580411 0.106295
0.263994 0.637942 0.098054 0.000010
0.000010 0.655515 0.344465 0.000010
0.337445 0.346403 0.316142 0.000010
0.220022 0.499482 0.280485 0.000010
0.000010 0.308187 0.691793 0.000010
0.031134 0.259979 0.621915 0.086972
0.000010 0.972358 0.000010 0.027622
0.000010 0.999970 0.000010 0.000010
0.000010 0.415660 0.509071 0.075259
0.000010 0.571017 0.363511 0.065462
0.137281 0.328473 0.534236 0.000010
0.000010 0.999970 0.000010 0.000010
0.000010 0.999970 0.000010 0.000010
0.000010 0.277311 0.722669 0.000010
0.000010 0.000010 0.999970 0.000010
0.000010 0.999970 0.000010 0.000010
0.000010 0.118814 0.637619 0.243557
0.000010 0.999970 0.000010 0.000010
0.000010 0.000010 0.999970 0.000010
0.267044 0.479352 0.253595 0.000010
0.059178 0.180218 0.760593 0.000010
0.052483 0.947497 0.000010 0.000010
0.000010 0.462936 0.352227 0.184827
0.000010 0.000010 0.999970 0.000010
0.000010 0.999970 0.000010 0.000010
0.096787 0.650912 0.252292 0.000010
0.999970 0.000010 0.000010 0.000010
0.602949 0.000010 0.200589 0.196452
0.093703 0.000010 0.160220 0.746067
0.000010 0.000010 0.000010 0.999970
0.000010 0.000010 0.127272 0.872708
0.327989 0.000010 0.117720 0.554281
0.000010 0.000010 0.000010 0.999970
0.910261 0.000010 0.089719 0.000010
0.000010 0.000010 0.000010 0.999970
0.584325 0.145116 0.000010 0.270549
0.000010 0.000010 0.000010 0.999970
0.000010 0.000010 0.000010 0.999970
0.000010 0.000010 0.000010 0.999970
0.447040 0.103334 0.000010 0.449616
0.999970 0.000010 0.000010 0.000010
0.999970 0.000010 0.000010 0.000010
0.416253 0.112060 0.042081 0.429606
0.000010 0.000010 0.000010 0.999970
0.296711 0.030895 0.027573 0.644821
0.000010 0.000010 0.000010 0.999970
0.000010 0.000010 0.000010 0.999970
0.000010 0.207771 0.000010 0.792209
0.802767 0.197213 0.000010 0.000010
0.433608 0.000010 0.290382 0.275999
0.291725 0.000010 0.000010 0.708255
0.736599 0.000010 0.000010 0.263381
0.999970 0.000010 0.000010 0.000010
0.437249 0.204898 0.000010 0.357843
0.999970 0.000010 0.000010 0.000010
0.352328 0.000010 0.000010 0.647652
0.064740 0.209189 0.000010 0.726061
0.464933 0.000010 0.127730 0.407327
0.503330 0.130475 0.000010 0.366186
0.848000 0.000010 0.151980 0.000010
0.999970 0.000010 0.000010 0.000010
0.000010 0.000010 0.331364 0.668616
0.070516 0.000010 0.210147 0.719327
0.488248 0.000010 0.000010 0.511732
0.402421 0.000010 0.358724 0.238845
0.000010 0.000010 0.177930 0.822050
0.462174 0.000010 0.090482 0.447334
0.053561 0.063441 0.307279 0.575719
0.234816 0.000010 0.000010 0.765164
0.284477 0.192971 0.000010 0.522542
0.239141 0.000010 0.240243 0.520606
0.334394 0.000010 0.238348 0.427248
