0.000010 0.999970 0.000010 0.000010
0.213023 0.000010 0.000010 0.786957
0.000010 0.000010 0.000010 0.999970
0.000010 0.000010 0.000010 0.999970
0.000010 0.273363 0.118985 0.607642
0.054523 0.544566 0.012377 0.388534
0.000010 0.272988 0.104898 0.622104
0.000010 0.663446 0.000010 0.336534
0.000010 0.261637 0.053953 0.684399
0.000010 0.000010 0.000010 0.999970
0.000010 0.561218 0.000010 0.438762
0.000010 0.999970 0.000010 0.000010
0.041807 0.958173 0.000010 0.000010
0.000010 0.999970 0.000010 0.000010
0.189381 0.000010 0.000010 0.810599
0.040589 0.600314 0.000010 0.359086
0.000010 0.444782 0.056029 0.499180
0.000010 0.999970 0.000010 0.000010
0.000010 0.507953 0.000010 0.492027
0.000010 0.581564 0.000010 0.418416
0.000010 0.000010 0.000010 0.999970
0.000010 0.285028 0.061823 0.653139
0.000010 0.895312 0.104668 0.000010
0.000010 0.285319 0.098466 0.616205
0.146535 0.620979 0.000010 0.232475
0.000010 0.600638 0.000010 0.399342
0.234606 0.711536 0.000010 0.053848
0.217634 0.627536 0.000010 0.154820
0.000010 0.576371 0.017361 0.406258
0.117978 0.191107 0.000010 0.690905
0.126389 0.496282 0.000010 0.377319
0.000010 0.061101 0.000010 0.938879
0.099398 0.000010 0.000010 0.900582
0.000010 0.628631 0.092874 0.278485
0.000010 0.746680 0.037502 0.215808
0.000010 0.999970 0.000010 0.000010
0.000010 0.999970 0.000010 0.000010
0.000010 0.000010 0.000010 0.999970
0.000010 0.000010 0.000010 0.999970
0.000010 0.999970 0.000010 0.000010
0.000010 0.034954 0.255735 0.709300
0.000010 0.999970 0.000010 0.000010
0.000010 0.189200 0.000010 0.810780
0.000010 0.527287 0.218386 0.254317
0.000010 0.000010 0.000010 0.999970
0.000010 0.993998 0.005982 0.000010
0.109300 0.146166 0.000010 0.744524
0.000010 0.000010 0.000010 0.999970
0.000010 0.999970 0.000010 0.000010
0.000010 0.999970 0.000010 0.000010
0.623600 0.000010 0.376380 0.000010
0.000010 0.000010 0.853059 0.146921
0.459423 0.000010 0.391569 0.148997
0.000010 0.000010 0.999970 0.000010
0.198344 0.000010 0.736531 0.065115
0.109733 0.000010 0.784999 0.105259
0.201143 0.000010 0.798837 0.000010
0.500082 0.196189 0.303719 0.000010
0.999970 0.000010 0.000010 0.000010
0.830610 0.000010 0.000010 0.169370
0.585550 0.000010 0.414430 0.000010
0.999970 0.000010 0.000010 0.000010
0.999970 0.000010 0.000010 0.000010
0.676394 0.017398 0.303961 0.002246
0.999970 0.000010 0.000010 0.000010
0.999970 0.000010 0.000010 0.000010
0.999970 0.000010 0.000010 0.000010
0.000010 0.000010 0.999970 0.000010
0.349777 0.060612 0.589602 0.000010
0.000010 0.000010 0.999970 0.000010
0.000017 0.000010 0.999963 0.000010
0.000010 0.000010 0.806758 0.193222
0.000010 0.160804 0.839176 0.000010
0.699078 0.000010 0.000010 0.300902
0.000010 0.000010 0.999970 0.000010
0.999970 0.000010 0.000010 0.000010
0.000010 0.025594 0.974386 0.000010
0.219149 0.239826 0.541015 0.000010
0.468395 0.114350 0.417245 0.000010
0.311741 0.025300 0.662948 0.000010
0.416002 0.138750 0.445238 0.000010
0.256707 0.000010 0.600830 0.142453
0.437954 0.097768 0.464268 0.000010
0.282251 0.166069 0.551671 0.000010
0.823495 0.176485 0.000010 0.000010
0.000010 0.000010 0.719358 0.280622
0.080705 0.000010 0.795927 0.123358
0.999970 0.000010 0.000010 0.000010
0.230557 0.000010 0.454223 0.315210
0.000010 0.000010 0.959984 0.039996
0.000010 0.042006 0.957974 0.000010
0.350124 0.000010 0.284504 0.365362
0.000010 0.000010 0.999970 0.000010
0.168236 0.165014 0.666740 0.000010
0.304241 0.000010 0.443460 0.252289
0.363071 0.000010 0.404303 0.232616
