0.000010 0.000010 0.999970 0.000010
0.046405 0.000010 0.523563 0.430022
0.061468 0.677794 0.000010 0.260728
0.000010 0.000010 0.000010 0.999970
0.000010 0.000010 0.462722 0.537258
0.000010 0.839644 0.000010 0.160336
0.025724 0.268564 0.152772 0.552940
0.000010 0.218790 0.317475 0.463724
0.000010 0.115139 0.505661 0.379189
0.000010 0.000010 0.000010 0.999970
0.000010 0.265317 0.261278 0.473396
0.000010 0.301336 0.517313 0.181341
0.205122 0.227348 0.000010 0.567520
0.000010 0.999970 0.000010 0.000010
0.000010 0.000010 0.000010 0.999970
0.000010 0.999970 0.000010 0.000010
0.000010 0.999970 0.000010 0.000010
0.000010 0.508415 0.491565 0.000010
0.000010 0.346051 0.000010 0.653929
0.000010 0.000010 0.519363 0.480617
0.000010 0.508134 0.000010 0.491846
0.000010 0.000010 0.000010 0.999970
0.000010 0.862976 0.000010 0.137004
0.000010 0.999970 0.000010 0.000010
0.000010 0.999970 0.000010 0.000010
0.000010 0.000010 0.999970 0.000010
0.000010 0.261059 0.738921 0.000010
0.000010 0.417548 0.380170 0.202272
0.000010 0.205806 0.511456 0.282728
0.059594 0.291986 0.000010 0.648410
0.000010 0.074286 0.563283 0.362421
0.000010 0.874673 0.125307 0.000010
0.000010 0.000010 0.999970 0.000010
0.000010 0.223537 0.431131 0.345322
0.000010 0.999970 0.000010 0.000010
0.000010 0.741351 0.258629 0.000010
0.000010 0.999970 0.000010 0.000010
0.000010 0.999970 0.000010 0.000010
0.000010 0.000010 0.000010 0.999970
0.000010 0.000010 0.999970 0.000010
0.106870 0.293154 0.219130 0.380846
0.000010 0.000010 0.999970 0.000010
0.000010 0.790171 0.000010 0.209809
0.084115 0.000010 0.915865 0.000010
0.000010 0.447095 0.000010 0.552885
0.000010 0.209095 0.790885 0.000010
0.000010 0.000010 0.439641 0.560339
0.000010 0.000010 0.000010 0.999970
0.000010 0.000010 0.694554 0.305426
0.000010 0.453030 0.546950 0.000010
0.938364 0.061616 0.000010 0.000010
0.652438 0.000010 0.000010 0.347542
0.757818 0.000010 0.000010 0.242162
0.976778 0.023202 0.000010 0.000010
0.790064 0.174168 0.000010 0.035758
0.774955 0.000010 0.000010 0.225025
0.777984 0.000010 0.221996 0.000010
0.634760 0.365220 0.000010 0.000010
0.999970 0.000010 0.000010 0.000010
0.663935 0.112897 0.000010 0.223158
0.852440 0.000010 0.000010 0.147540
0.721303 0.000010 0.278677 0.000010
0.856928 0.007130 0.000010 0.135931
0.816533 0.183447 0.000010 0.000010
0.770808 0.000010 0.229172 0.000010
0.766028 0.000010 0.233952 0.000010
0.649178 0.000010 0.278975 0.071837
0.826837 0.000010 0.037159 0.135993
0.793415 0.000010 0.000010 0.206565
0.783466 0.000010 0.000010 0.216514
0.940223 0.000010 0.059757 0.000010
0.638534 0.000010 0.031205 0.330251
0.552553 0.000010 0.447427 0.000010
0.539852 0.000010 0.000010 0.460128
0.910197 0.089783 0.000010 0.000010
0.756492 0.000010 0.000010 0.243488
0.717659 0.282321 0.000010 0.000010
0.676953 0.323027 0.000010 0.000010
0.702256 0.212284 0.000010 0.085450
0.724176 0.000010 0.000010 0.275804
0.650664 0.000010 0.110174 0.239152
0.683057 0.000010 0.169480 0.147452
0.710653 0.000010 0.125572 0.163765
0.725871 0.274109 0.000010 0.000010
0.641400 0.358580 0.000010 0.000010
0.536056 0.063020 0.000010 0.400914
0.755802 0.000010 0.000010 0.244178
0.913340 0.000010 0.000010 0.086640
0.512333 0.487647 0.000010 0.000010
0.708976 0.000010 0.000010 0.291004
0.730802 0.246172 0.000010 0.023016
0.485404 0.000010 0.181382 0.333203
0.841393 0.000010 0.072860 0.085738
0.623389 0.000010 0.376591 0.000010
0.571713 0.361645 0.066632 0.000010
0.680578 0.138449 0.000010 0.180963
