0.000010 0.569875 0.430095 0.000010 0.000010
0.000010 0.999960 0.000010 0.000010 0.000010
0.999960 0.000010 0.000010 0.000010 0.000010
0.000010 0.999960 0.000010 0.000010 0.000010
0.132270 0.555481 0.312229 0.000010 0.000010
0.000010 0.266521 0.000010 0.733449 0.000010
0.373920 0.000010 0.071657 0.554403 0.000010
0.056079 0.527771 0.295556 0.120584 0.000010
0.065648 0.494007 0.260623 0.179712 0.000010
0.570406 0.429564 0.000010 0.000010 0.000010
0.000010 0.000010 0.999960 0.000010 0.000010
0.000010 0.641086 0.358884 0.000010 0.000010
0.000010 0.999960 0.000010 0.000010 0.000010
0.000010 0.000010 0.473070 0.526900 0.000010
0.999960 0.000010 0.000010 0.000010 0.000010
0.000010 0.000010 0.000010 0.999960 0.000010
0.375105 0.436391 0.000010 0.188484 0.000010
0.000010 0.999960 0.000010 0.000010 0.000010
0.193549 0.127243 0.267650 0.411547 0.000010
0.092019 0.427009 0.480952 0.000010 0.000010
0.233256 0.000010 0.000010 0.766714 0.000010
0.294161 0.705809 0.000010 0.000010 0.000010
0.000010 0.000010 0.000010 0.999960 0.000010
0.289909 0.000010 0.000010 0.710061 0.000010
0.999960 0.000010 0.000010 0.000010 0.000010
0.000010 0.000010 0.999960 0.000010 0.000010
0.000010 0.438145 0.561825 0.000010 0.000010
0.000010 0.999960 0.000010 0.000010 0.000010
0.000010 0.639739 0.360231 0.000010 0.000010
0.480864 0.519106 0.000010 0.000010 0.000010
0.250165 0.290899 0.458916 0.000010 0.000010
0.538884 0.000010 0.238524 0.222571 0.000010
0.000010 0.787290 0.212680 0.000010 0.000010
0.368245 0.631725 0.000010 0.000010 0.000010
0.000010 0.000010 0.000010 0.999960 0.000010
0.000010 0.000010 0.313602 0.686368 0.000010
0.000010 0.000010 0.000010 0.999960 0.000010
0.999960 0.000010 0.000010 0.000010 0.000010
0.999960 0.000010 0.000010 0.000010 0.000010
0.000010 0.000010 0.999960 0.000010 0.000010
0.000010 0.407230 0.016186 0.491993 0.084582
0.000010 0.472206 0.527764 0.000010 0.000010
0.000010 0.000010 0.000010 0.999960 0.000010
0.000010 0.599739 0.279995 0.000010 0.120247
0.361707 0.366084 0.000010 0.272189 0.000010
0.000010 0.000010 0.855212 0.144758 0.000010
0.000010 0.000010 0.999960 0.000010 0.000010
0.000010 0.999960 0.000010 0.000010 0.000010
0.083971 0.239912 0.676097 0.000010 0.000010
0.096032 0.000010 0.462324 0.441624 0.000010
0.000010 0.000010 0.000010 0.113917 0.886053
0.000010 0.000010 0.000010 0.404998 0.594972
0.251943 0.000010 0.065916 0.000010 0.682121
0.000010 0.000010 0.000010 0.142404 0.857566
0.037597 0.000010 0.000010 0.192111 0.770272
0.233969 0.000010 0.000010 0.017280 0.748731
0.000010 0.000010 0.236715 0.000010 0.763255
0.000010 0.000010 0.202723 0.203720 0.593537
0.000010 0.000010 0.000010 0.176320 0.823650
0.398903 0.000010 0.000010 0.000010 0.601067
0.101533 0.000010 0.166084 0.000010 0.732362
0.000010 0.000010 0.300519 0.000010 0.699451
0.000010 0.230348 0.000010 0.000010 0.769622
0.000010 0.159870 0.000010 0.111698 0.728412
0.000010 0.000010 0.281306 0.000010 0.718664
0.328944 0.000010 0.000010 0.000010 0.671026
0.051186 0.000010 0.310533 0.000010 0.638261
0.000010 0.137134 0.084809 0.000010 0.778037
0.000010 0.239587 0.000010 0.000010 0.760383
0.077791 0.000010 0.129013 0.000010 0.793176
0.000010 0.000010 0.187519 0.000010 0.812451
0.181435 0.000010 0.243937 0.000010 0.574608
0.000010 0.000010 0.514703 0.000010 0.485267
0.293509 0.190706 0.000010 0.000010 0.515765
0.000010 0.025106 0.000010 0.127095 0.847780
0.000010 0.288107 0.000010 0.000010 0.711863
0.000010 0.000010 0.000010 0.367690 0.632280
0.000010 0.000010 0.000010 0.357928 0.642042
0.026972 0.153277 0.000010 0.135582 0.684159
0.000010 0.319356 0.000010 0.000010 0.680614
0.000010 0.000010 0.314009 0.032339 0.653633
0.000010 0.000010 0.188311 0.184460 0.627208
0.000010 0.147774 0.184432 0.000010 0.667775
0.000010 0.000010 0.214854 0.150905 0.634221
0.210411 0.180931 0.000010 0.000010 0.608638
0.346573 0.000010 0.000010 0.178470 0.474936
0.000010 0.000010 0.000010 0.353923 0.646047
0.000010 0.000010 0.193297 0.000010 0.806673
0.000010 0.000010 0.000010 0.579461 0.420509
0.058482 0.266737 0.000010 0.000010 0.674762
0.000010 0.000010 0.000010 0.396425 0.603545
0.000010 0.255262 0.280598 0.000010 0.464120
0.000010 0.000010 0.000010 0.226177 0.773793
0.187635 0.037459 0.195311 0.000010 0.579585
0.000010 0.000010 0.146007 0.331769 0.522203
0.376528 0.000010 0.000010 0.000010 0.623442
